Timestamp start: 1747241808651
Random waveform, random seed
Total number of intervals = 96 (122635, 82746, 106244, 57271, 14450, 110250, 7663, 137998, 152289, 56207, 149809, 28872, 113034, 64320, 170396, 43849, 11298, 156875, 129235, 50243, 15118, 141253, 74905, 103597, 12721, 93538, 178698, 99613, 75295, 9164, 177479, 94367, 106166, 137980, 21753, 175518, 30864, 166639, 81086, 29961, 53853, 137971, 52788, 94480, 83744, 70392, 29391, 86678, 45490, 105447, 129370, 40392, 7201, 82199, 13397, 84434, 121388, 121876, 95006, 7641, 120479, 72582, 79773, 9727, 175493, 139078, 97364, 79125, 155913, 65966, 17402, 18802, 94330, 19244, 12666, 46768, 66448, 63788, 162581, 135736, 111176, 157667, 144721, 83382, 114510, 20870, 35971, 82552, 172120, 139272, 33514, 92396, 56394, 143943, 137155, 159972)
Average QPS expected = 87223
Timestamp start: 1747241810158
Timestamp end: 1747242770397

#type       avg     std     min      p5     p10     p50     p67     p75     p80     p85     p90     p95     p99    p999   p9999      QPS   target
read      218.1   113.3    59.1   109.5   119.9   192.7   242.2   272.4   293.7   317.3   345.9   389.0   487.1   999.3  3363.9 122552.2   122635
read      220.8   103.8    63.8   106.1   115.9   200.0   260.4   288.6   306.9   326.8   351.2   388.3   462.5   637.9  2357.8  82610.7    82746
read      218.8   117.2    63.8   107.0   117.2   192.1   247.9   279.3   300.2   322.7   350.8   391.9   484.9   942.1  3356.0 106238.3   106244
read      226.1    98.9    63.8   108.2   118.6   221.8   270.3   291.7   305.9   320.8   341.1   371.4   434.6   579.5  2343.6  57288.8    57271
read      204.6    76.1    68.9   114.1   131.5   206.0   227.6   238.1   246.4   254.7   267.6   286.2   328.3   534.3  2276.4  14386.9    14450
read      219.1   122.2    59.1   107.9   118.2   192.7   246.6   277.6   298.7   321.6   350.5   393.1   492.8   950.6  3092.4 110254.3   110250
read      194.4    86.1    68.9   110.6   126.9   193.3   213.2   223.6   230.8   239.1   250.5   268.8   313.6   562.9  3151.7   7680.3     7663
read      224.9   116.7    59.1   114.2   126.9   201.7   247.7   275.1   295.3   318.6   347.8   392.5   492.9  1370.5  2954.8 137678.3   137998
read      233.1   122.0    63.8   119.9   133.9   213.1   256.3   282.2   301.0   323.1   352.2   396.1   498.4  1326.4  3423.7 152247.5   152289
read      228.0    98.5    59.1   108.8   119.5   224.2   272.7   293.8   308.0   323.0   342.9   373.1   435.8   579.5  2449.1  56296.4    56207
read      230.8   113.5    63.8   119.3   132.9   210.8   254.2   280.3   299.1   321.2   350.3   394.6   495.8  1232.5  2936.1 149883.0   149809
read      225.0    81.7    63.8   115.2   129.1   229.9   259.1   272.8   282.9   293.7   308.7   330.9   384.6   545.6  2014.1  28904.5    28872
read      220.4   116.5    63.8   109.5   120.0   194.3   247.2   278.1   299.4   322.8   352.1   395.1   493.9   982.4  2608.7 113075.4   113034
read      226.9   104.7    59.1   108.0   118.3   217.3   271.3   294.8   310.3   327.4   348.2   381.7   452.8   598.6  2192.1  64330.2    64320
read      260.7   130.3    59.1   134.9   152.1   243.6   286.7   311.2   329.4   351.1   380.1   426.9   544.2  1591.2  3471.6 170383.8   170396
read      229.0    91.0    63.8   111.3   123.0   231.7   270.7   288.7   300.6   314.4   332.0   359.4   420.0   569.1  2272.5  43867.1    43849
read      203.9    76.7    68.9   114.8   133.2   204.5   225.3   235.4   243.6   252.2   264.6   282.9   323.3   545.7  2509.8  11294.4    11298
read      238.2   122.6    63.8   122.9   137.9   219.2   262.2   287.4   305.8   327.4   355.9   399.1   503.8  1398.2  4433.6 156711.8   156875
read      220.7   110.6    63.8   111.7   123.2   196.6   244.3   273.4   294.4   317.9   346.7   390.9   484.7  1086.0  2374.8 129158.7   129235
read      230.7   112.5    59.1   109.9   120.7   229.2   272.8   292.1   305.3   319.4   339.1   369.2   440.7  1055.8  3396.9  50345.5    50243
read      213.9    71.1    63.8   116.8   133.9   216.6   238.7   250.6   259.0   268.9   281.5   300.5   347.0   540.2  2235.2  15193.7    15118
read      225.0   121.8    59.1   114.3   127.4   203.2   248.4   275.3   295.1   318.0   346.5   390.8   484.6  1207.7  2922.3 141377.4   141253
read      222.9   101.3    54.7   106.9   116.9   206.2   264.8   291.1   308.1   326.6   349.1   385.3   461.0   608.7  2029.4  74883.2    74905
read      220.9   115.0    63.8   107.5   117.8   194.5   250.9   282.1   303.1   326.0   354.3   396.1   494.9   923.9  3069.7 103683.9   103597
read      205.8    70.6    63.8   115.6   132.8   206.5   227.8   238.1   246.6   255.1   268.3   287.8   334.9   549.2  2337.5  12652.4    12721
read      220.9   114.6    63.8   105.8   115.7   196.1   256.0   286.1   305.8   327.0   353.6   394.1   489.7   770.3  3481.5  93610.9    93538
read      272.5   126.7    63.8   140.9   160.1   257.7   301.6   326.5   344.6   367.2   395.9   440.6   548.7  1374.8  3660.7 178524.0   178698
read      217.7   109.5    59.1   105.8   115.8   193.0   250.0   280.5   300.7   322.2   348.9   389.0   467.6   738.8  3200.4  99397.5    99613
read      222.7   107.3    59.1   106.0   116.0   205.0   264.4   290.6   307.7   326.1   348.4   383.6   458.9   715.4  2665.1  75387.5    75295
read      197.6    60.4    59.1   113.5   130.6   197.3   216.8   227.2   233.9   243.2   253.8   272.4   317.2   545.5  2034.5   9135.6     9164
read      273.9   120.2    63.8   140.0   159.3   259.5   304.4   329.7   347.9   370.8   400.4   449.0   560.6  1082.7  3410.3 177354.8   177479
read      219.9   112.0    59.1   106.3   116.4   195.8   253.8   283.8   303.6   325.1   351.8   391.7   471.0   752.3  3091.0  94483.8    94367
read      220.5   123.1    59.1   107.1   117.4   194.2   248.7   279.2   300.3   323.2   351.9   395.2   500.4  1033.4  4184.5 106109.5   106166
read      222.2   108.2    63.8   112.6   125.1   200.4   246.2   273.6   293.5   316.3   344.7   388.5   482.4  1036.4  2683.1 138004.9   137980
read      218.2    86.4    63.8   115.2   130.3   221.0   246.3   259.4   268.4   278.5   292.1   313.7   364.8   582.4  2860.5  21773.8    21753
read      267.9   127.2    63.8   139.2   157.4   252.7   295.8   320.1   338.8   361.0   389.8   434.1   543.9  1408.7  3754.4 175341.9   175518
read      225.0    81.6    63.8   113.3   126.8   229.4   260.5   274.6   285.5   296.5   312.5   336.2   392.1   569.9  2249.3  30873.5    30864
read      247.0   125.0    59.1   127.5   143.2   229.3   271.8   296.3   314.7   336.6   365.1   408.6   518.5  1458.1  3832.7 166777.5   166639
read      221.6   104.2    59.1   105.8   115.7   201.7   261.1   288.7   306.8   326.4   350.2   387.4   466.8   684.0  2298.7  81063.8    81086
read      222.8    81.6    63.8   112.9   126.3   227.0   257.2   271.5   281.9   293.3   308.8   331.5   384.0   535.7  2235.7  29956.1    29961
read      226.8   102.3    63.8   108.3   118.9   223.6   269.9   290.5   304.2   319.0   338.7   368.6   434.8   604.2  3004.1  53956.7    53853
read      225.2   122.4    59.1   113.1   125.8   202.0   248.2   275.5   295.4   318.2   346.4   390.8   494.2  1479.5  3568.4 137772.3   137971
read      227.5    96.9    59.1   108.9   119.5   225.4   271.3   291.6   305.3   319.7   339.4   368.5   432.1   586.9  2327.3  52854.2    52788
read      220.6   110.0    63.8   106.5   116.8   196.7   255.1   285.2   305.0   326.4   352.4   391.4   469.3   799.3  3237.8  94495.4    94480
read      222.0   104.4    59.1   106.0   116.1   200.5   261.0   289.6   308.3   328.7   353.4   391.0   469.9   666.4  2264.3  83769.9    83744
read      223.8   104.7    54.7   106.1   116.2   209.5   266.3   291.4   307.9   325.8   347.3   382.3   458.0   679.9  2853.2  70220.3    70392
read      223.0    97.7    59.1   112.8   126.4   225.6   255.6   270.1   280.3   292.0   307.4   330.9   393.2   793.2  3975.4  29319.0    29391
read      220.6   282.0    63.8   106.8   116.7   199.0   258.3   286.4   304.4   323.5   346.6   383.8   457.5   609.7  2088.0  86802.7    86678
read      227.7    88.1    59.1   111.6   123.3   230.1   270.0   287.9   299.7   313.4   330.4   356.6   413.7   539.6  1894.4  45551.0    45490
read      218.5   111.3    63.8   108.7   118.8   194.6   249.1   279.4   299.6   321.1   347.3   388.1   467.1   658.5  3167.0 105444.4   105447
read      219.8   103.4    63.8   112.6   124.4   197.8   244.8   273.2   293.6   316.5   344.2   386.0   467.6   710.6  2751.5 129337.4   129370
read      225.6    90.7    63.8   112.1   124.0   229.0   265.3   281.8   292.9   306.0   320.7   345.4   400.9   533.3  2363.5  40395.2    40392
read      191.5    75.5    68.9   108.8   122.8   191.2   209.9   219.6   226.8   234.0   245.0   261.1   301.8   567.2  3546.5   7201.3     7201
read      226.6   106.2    63.8   108.1   118.4   203.5   264.5   294.5   314.4   336.6   364.1   401.9   489.9   758.2  2006.6  81813.3    82199
read      208.6    65.2    68.9   116.0   132.8   210.1   232.1   243.7   251.7   261.5   272.7   291.6   332.9   540.7  1994.0  13418.5    13397
read      225.4   111.5    59.1   107.7   117.8   201.2   262.3   292.3   312.2   334.3   361.8   400.7   488.8   805.5  3089.0  84382.2    84434
read      224.6   114.3    59.1   111.6   123.3   199.4   248.8   278.8   300.1   324.4   355.2   399.0   498.7  1282.2  2418.7 121347.5   121388
read      224.4   118.2    63.8   111.8   123.6   200.2   249.5   278.9   300.0   323.8   354.2   398.0   491.1  1003.4  3492.7 121750.7   121876
read      222.3   107.7    59.1   107.4   117.7   196.9   255.1   286.8   307.9   330.9   359.4   399.7   486.0   726.7  2753.1  94962.1    95006
read      189.3    78.6    68.9   109.5   124.0   188.6   206.1   215.6   222.5   230.5   240.5   255.6   294.5   543.5  3148.3   7700.9     7641
read      216.7   103.5    59.1   108.9   119.7   192.7   241.4   270.9   292.1   315.8   344.5   387.7   470.1   878.7  2706.0 120414.0   120479
read      221.7   104.4    59.1   106.0   116.1   204.4   263.3   289.8   307.1   325.7   347.5   382.3   451.1   588.2  2221.9  72483.4    72582
read      217.9   108.4    59.1   104.6   114.6   197.1   256.3   283.8   301.6   320.5   344.1   379.0   452.3   646.8  3286.3  79698.6    79773
read      184.2    93.5    63.8   105.9   123.1   181.9   198.5   208.5   215.7   224.8   235.0   253.0   295.4   708.8  3424.2   9772.3     9727
read      247.9   139.0    63.8   127.2   143.3   230.6   272.1   295.7   313.4   334.7   362.7   404.6   519.1  1581.7  4773.9 175627.6   175493
read      211.2   102.3    59.1   108.1   119.1   189.3   233.0   260.5   280.2   303.0   331.0   371.6   460.5   881.9  2012.9 138973.5   139078
read      212.1   105.5    54.7   103.4   113.0   187.8   243.4   273.8   293.9   315.5   341.1   378.8   458.0   635.7  2750.9  97392.1    97364
read      214.4   103.3    59.1   103.1   112.6   194.5   252.8   280.0   297.5   316.4   339.2   372.4   443.8   602.8  2967.1  79156.6    79125
read      218.7   108.1    59.1   112.8   125.9   199.5   240.4   265.6   283.9   305.5   332.9   373.6   465.8  1163.5  2794.1 155871.5   155913
read      215.7    99.3    54.7   104.5   114.5   202.9   257.1   280.2   294.9   311.2   330.7   360.2   422.7   558.6  2367.1  65932.5    65966
read      202.6    85.5    63.8   113.7   130.0   201.1   223.8   235.0   243.8   253.0   266.0   284.7   326.4   710.8  3537.9  17323.9    17402
read      206.5    69.1    63.8   113.1   128.9   206.5   230.4   242.8   251.4   261.8   273.5   293.5   339.0   656.1  2128.3  18754.6    18802
read      221.2   115.5    59.1   104.0   113.9   193.4   253.2   284.7   305.8   329.3   359.3   404.6   528.5   905.2  3044.7  94179.8    94330
read      206.7    86.8    59.1   113.0   128.3   207.0   231.2   243.6   252.0   262.5   274.0   293.7   337.8   525.2  3410.5  19241.4    19244
read      198.7    80.9    63.8   114.1   131.3   197.4   217.9   228.7   235.5   245.4   256.0   273.8   315.4   544.0  3103.5  12686.1    12666
read      217.3    96.0    50.7   108.0   119.3   214.5   255.6   273.2   285.5   298.2   315.3   340.9   400.6   647.3  3140.9  46762.1    46768
read      214.2   102.4    59.1   103.5   113.4   200.1   255.1   278.7   293.7   310.5   330.4   360.7   426.2   545.6  2343.9  66542.7    66448
read      221.8   104.9    59.1   106.3   116.8   210.3   263.9   286.8   301.7   317.6   338.0   368.7   436.7   788.0  2411.2  63575.8    63788
read      239.1   138.1    63.8   121.2   136.5   219.3   262.1   286.8   304.9   326.4   355.2   399.6   515.0  1624.3  4261.8 162575.4   162581
read      221.5   132.8    59.1   109.7   121.0   195.3   241.0   269.0   289.2   312.5   341.2   386.6   561.6  1550.9  3477.5 135814.7   135736
read      208.6    93.9    59.1   104.6   114.5   186.5   237.4   267.5   286.9   307.5   331.0   364.8   433.7   597.9  2274.5 111138.7   111176
read      219.5    95.8    59.1   115.3   128.6   202.3   242.9   267.8   286.0   307.3   333.7   371.9   453.8   671.5  2528.0 157774.2   157667
read      213.7    98.0    59.1   111.0   122.6   194.5   236.9   263.8   282.8   304.7   331.1   369.4   448.8   641.0  2185.1 144612.3   144721
read      215.3    97.7    59.1   105.5   115.4   198.3   255.3   280.9   296.7   313.6   333.8   364.0   428.4   578.8  2215.2  83418.6    83382
read      217.7   101.1    59.1   110.4   121.3   195.7   246.7   276.4   296.3   317.9   342.8   378.6   452.7   640.5  1891.9 114723.2   114510
read      223.6    81.2    63.8   122.5   137.4   228.2   252.7   264.8   272.5   282.6   294.2   313.7   352.6   537.1  2591.8  20873.5    20870
read      232.2    95.5    59.1   118.1   131.0   239.7   271.5   286.1   295.3   307.3   319.9   342.2   391.1   525.5  3227.9  36141.2    35971
read      220.7    99.5    59.1   107.7   117.7   203.1   262.7   288.7   305.0   321.6   342.3   373.3   437.2   569.1  3048.3  82666.3    82552
read      264.7   104.4    68.9   139.1   156.8   251.1   294.5   319.0   337.6   359.8   388.4   431.7   532.4   826.9  2379.7 172086.6   172120
read      222.8   102.5    63.8   115.8   128.7   202.7   248.1   275.2   294.9   317.1   343.6   383.3   463.2   683.8  2195.7 139296.2   139272
read      229.5    79.5    59.1   118.3   131.4   237.4   267.6   281.6   290.9   301.4   315.0   335.8   379.6   491.6  1961.5  33496.9    33514
read      217.4   105.1    63.8   107.5   117.3   196.6   255.5   283.6   301.1   319.0   340.6   371.7   435.3   564.8  3169.1  92581.8    92396
read      232.3    98.2    59.1   111.6   123.0   230.0   277.6   296.8   309.9   323.6   341.8   370.9   446.2   865.7  1808.3  56229.2    56394
read      230.0    99.8    63.8   119.2   132.6   210.5   256.1   283.5   302.9   325.0   352.6   393.8   483.7   779.3  2639.8 143875.5   143943
read      222.7    92.5    59.1   115.8   128.6   202.0   248.5   276.1   296.0   318.3   344.9   384.5   464.8   690.4  1815.5 137077.9   137155
read      248.6   107.3    68.9   129.5   145.0   231.3   275.4   301.1   319.4   341.9   370.9   416.6   527.0   915.6  2563.1 160139.8   159972

Total QPS = 87210.2 (83721792 / 960.0s)

Total connections = 64
Misses = 0 (0.0%)
Skipped TXs = 0 (0.0%)

RX 20679282871 bytes :   20.5 MB/s
TX          0 bytes :    0.0 MB/s
Warning! Detected max cpu usage > 95%
CPU Usage Stats (avg/min/max): 99.86%,32.32%,100.00%
Timestamp end: 1747242772081
