Timestamp start: 1747337715620
#type       avg     std     min      p5     p10     p50     p67     p75     p80     p85     p90     p95     p99    p999   p9999      QPS   target       ts_start         ts_end
read      190.8    82.0    63.8   106.2   120.6   185.8   205.5   216.1   224.5   233.9   249.0   274.2   383.5  1164.4  2477.6   4928.0     5000  1747337717126  1747337722337
read      199.9    65.4    63.8   114.5   132.5   198.0   217.7   229.2   236.7   248.1   262.2   285.5   349.0   520.1  1935.4  10032.0    10000  1747337723840  1747337729044
read      197.1    72.0    63.8   109.8   125.4   195.7   216.7   228.5   236.2   248.0   262.6   286.1   341.4   491.8   842.6  14958.1    15000  1747337730546  1747337735715
read      201.9    72.4    63.8   108.8   123.5   200.6   223.8   235.6   245.7   256.6   271.4   294.2   352.8   555.8  2079.7  19894.2    20000  1747337737218  1747337742386
read      205.6    69.5    63.8   106.2   119.0   206.0   231.5   245.4   254.9   267.4   282.5   306.8   366.4   526.7  1965.7  24943.2    25000  1747337743889  1747337749058
read      208.7    80.1    63.8   106.2   118.8   208.7   236.9   252.2   263.1   274.4   290.8   315.2   371.7   531.1  1702.6  30026.0    30000  1747337750560  1747337755728
read      209.3    78.7    59.1   105.4   117.0   208.0   239.6   255.9   267.9   281.3   296.9   323.2   390.6   540.0  1585.9  35035.4    35000  1747337757230  1747337762396
read      212.1    89.2    63.8   104.4   115.7   209.5   245.0   262.8   274.5   289.0   306.9   334.8   398.2   544.9  2830.7  40080.0    40000  1747337763899  1747337769067
read      218.1    86.1    59.1   103.3   114.2   216.8   255.7   274.5   288.0   302.9   320.7   350.7   419.1   535.6  1555.4  45027.6    45000  1747337770570  1747337775735
read      216.7    96.8    63.8   104.2   115.2   209.9   252.2   272.8   287.0   302.6   321.0   352.4   424.9   609.7  2469.9  50147.1    50000  1747337777238  1747337782405
read      218.4    96.1    54.7   104.0   115.0   210.5   255.5   278.0   293.3   310.4   331.2   363.7   430.4   541.4  1334.9  55000.0    55000  1747337783908  1747337789075
read      216.2   108.8    59.1   102.4   113.0   205.8   251.8   274.9   290.9   308.7   330.6   365.3   436.3   587.3  2323.7  59916.8    60000  1747337790578  1747337795744
read      218.1   128.5    59.1   101.2   111.8   203.9   251.7   276.3   292.9   311.3   334.2   369.9   455.6  1215.0  4722.4  65062.2    65000  1747337797246  1747337802414
read      211.6    93.3    59.1    99.9   110.0   198.6   246.9   272.0   289.0   307.6   330.0   364.7   434.3   562.7  1367.4  69874.6    70000  1747337803917  1747337809085
read      213.6    97.8    59.1   100.0   110.2   199.5   248.2   274.2   291.9   311.3   335.3   371.7   445.5   575.7  2544.4  74899.8    75000  1747337810588  1747337815754
read      213.2   101.0    54.7   100.0   110.1   195.8   245.0   272.6   291.2   311.5   336.5   373.8   470.7   785.7  1691.7  79815.2    80000  1747337817257  1747337822425
read      213.2   101.3    54.7    99.4   109.3   195.7   247.5   275.5   294.4   314.9   340.3   379.4   461.7   620.6  1491.6  84996.8    85000  1747337823929  1747337829095
read      219.0   125.7    54.7    99.7   109.8   200.7   253.8   282.6   302.0   323.0   350.2   392.0   478.0   686.2  3958.9  89659.8    90000  1747337830598  1747337835766
read      215.3   101.9    54.7    99.4   109.5   195.4   248.6   278.4   298.7   320.4   347.6   389.7   474.3   640.1  2224.0  95240.4    95000  1747337837270  1747337842438
read      217.7   107.9    59.1   101.0   111.1   194.6   247.7   278.8   300.5   324.4   355.0   400.6   501.1   744.2  1898.2  99889.6   100000  1747337843941  1747337849109
read      227.9   115.0    54.7   102.7   113.3   201.5   258.6   292.7   316.1   343.1   377.3   429.1   546.8   825.9  2825.5 105053.7   105000  1747337850613  1747337855780
read      222.7   126.4    59.1   102.0   112.1   192.3   247.8   283.5   308.3   335.8   370.0   421.6   540.9  1258.0  3489.7 110117.2   110000  1747337857283  1747337862450
read      224.1   111.4    59.1   103.2   113.9   198.1   253.3   287.7   311.5   338.3   371.3   419.3   519.7   731.9  2081.5 114904.0   115000  1747337863953  1747337869119
read      232.7   119.8    59.1   105.0   116.0   197.9   257.5   298.5   328.3   361.7   400.9   459.1   580.0   850.9  1476.8 120034.4   120000  1747337870621  1747337875790
read      238.4   127.8    59.1   107.7   119.6   204.4   263.5   303.7   333.1   366.6   406.3   465.1   589.0   857.4  1819.5 124661.5   125000  1747337877293  1747337882461
read      243.7   134.2    59.1   108.9   120.8   203.8   265.0   310.1   343.1   380.2   425.3   491.2   634.3   932.1  2868.8 130474.5   130000  1747337883964  1747337889130
read      253.2   146.5    59.1   111.1   123.2   205.6   269.2   320.0   359.3   402.2   454.9   532.3   708.7  1033.0  2303.8 135076.7   135000  1747337890633  1747337895798
read      453.2   517.6    68.9   151.0   170.1   242.1   285.6   355.5   589.0   942.7  1275.3  1463.3  2522.5  3831.3  7992.6 136393.9   140000  1747337897301  1747337902469
read      405.4   432.1    68.9   134.5   151.5   224.1   268.9   344.1   546.7   817.1  1140.5  1367.2  1732.3  3215.9  7509.7 143147.5   145000  1747337903972  1747337909140
read      441.4   516.9    68.9   144.5   162.4   229.6   269.3   314.7   512.9   980.1  1301.6  1465.0  2459.4  3728.9  7868.8 142669.0   150000  1747337910642  1747337915809
read      452.5   585.5    63.8   147.8   168.1   230.2   261.0   291.8   369.6   990.6  1325.6  1492.3  3121.6  4852.7  8008.4 143455.6   155000  1747337917312  1747337922481
read      437.9   562.1    63.8   146.0   163.8   225.2   258.9   295.0   394.8   870.8  1290.8  1474.7  2923.6  4773.4  8010.9 147956.0   160000  1747337923984  1747337929152
read      450.2   605.3    68.9   148.9   166.7   229.3   261.6   291.1   344.6   884.0  1311.0  1491.3  3195.2  5302.8  8054.8 144439.8   165000  1747337930654  1747337935825
read      468.3   629.8    68.9   146.7   170.1   239.3   271.3   302.1   370.9   937.0  1334.1  1525.6  3284.8  5507.4  8100.2 139375.6   170000  1747337937327  1747337942496
read      443.1   613.9    68.9   149.7   167.2   223.9   250.8   273.9   314.2   819.2  1311.3  1493.5  3279.7  5295.0  8083.3 147212.9   175000  1747337943999  1747337949168
read      453.7   610.3    68.9   150.3   169.6   231.3   263.2   292.9   358.0   871.7  1316.2  1509.8  3246.7  5102.0  8072.5 143691.1   180000  1747337950671  1747337955838
read      450.5   598.7    74.4   151.3   171.5   229.2   258.0   287.9   355.3   906.6  1313.4  1493.2  3236.9  5260.2  8009.7 144630.6   185000  1747337957342  1747337962510
read      469.5   643.9    63.8   148.7   173.5   237.5   267.2   293.1   339.6   961.9  1345.9  1546.0  3326.1  5482.3  8136.0 139243.5   190000  1747337964013  1747337969181
read      443.4   574.7    68.9   149.4   165.4   227.2   260.9   294.8   394.7   880.5  1300.3  1479.3  3066.4  4766.5  7980.8 146774.8   195000  1747337970684  1747337975852
read      438.7   629.6    63.8   144.7   163.4   222.0   249.5   272.8   309.2   655.5  1296.1  1515.4  3287.8  5452.5  8066.3 148794.2   200000  1747337977354  1747337982524
read      416.9   577.3    63.8   144.5   159.4   210.9   238.0   266.4   313.2   701.6  1242.4  1452.0  3140.0  4946.8  8046.6 156277.3   205000  1747337984027  1747337989196
read      461.3   626.0    68.9   145.9   164.8   233.9   271.7   307.6   362.7   872.4  1326.1  1540.4  3273.7  5238.3  8044.9 141586.4   210000  1747337990699  1747337995869
read      456.1   586.4    68.9   147.2   167.1   234.7   269.9   309.0   437.4   915.8  1310.3  1510.1  3176.1  4617.2  8033.5 142620.6   215000  1747337997371  1747338002542
read      459.1   619.5    68.9   146.5   168.8   233.4   264.5   292.4   342.9   903.9  1334.1  1545.2  3252.8  5230.9  8050.7 142102.9   220000  1747338004045  1747338009212
Warning! Detected max cpu usage > 95%
CPU Usage Stats (avg/min/max): 56.03%,0.50%,100.00%
Timestamp end: 1747338010984
