Timestamp start: 1747339724160
#type       avg     std     min      p5     p10     p50     p67     p75     p80     p85     p90     p95     p99    p999   p9999      QPS   target       ts_start         ts_end
read      186.4    60.3    68.9   115.5   129.7   186.8   203.3   212.5   218.2   226.6   235.2   251.7   293.1   435.5  1554.7   5037.8     5000  1747339725666  1747339730883
read      191.0    81.5    63.8   115.3   131.6   190.9   207.4   216.1   222.8   230.4   240.0   255.0   293.0   507.5  3118.2   9904.8    10000  1747339732385  1747339737596
read      194.7    63.4    68.9   112.8   127.8   191.9   210.9   221.7   229.9   239.7   253.6   279.0   349.5   567.6  2333.7  14955.8    15000  1747339739099  1747339744282
read      198.3    70.5    68.9   113.4   127.7   197.3   217.3   228.5   235.7   246.6   259.6   281.1   335.5   541.9  2600.5  19974.0    20000  1747339745784  1747339750967
read      200.8    63.2    63.8   112.0   125.4   202.7   223.7   234.2   242.9   252.3   265.9   286.8   336.7   462.6  1684.0  24962.4    25000  1747339752470  1747339757654
read      202.0    68.3    63.8   111.5   124.2   202.7   226.7   238.7   247.9   258.0   271.3   291.9   339.9   488.2  2454.5  29918.0    30000  1747339759157  1747339764340
read      203.0    65.1    63.8   110.2   121.9   204.6   230.4   243.6   252.6   264.0   276.7   298.2   349.5   476.0  1299.6  35062.5    35000  1747339765843  1747339771034
read      207.2    75.9    63.8   107.7   119.4   208.0   236.1   250.6   260.9   272.4   288.3   312.0   372.6   547.6  2711.1  39839.6    40000  1747339772536  1747339777719
read      206.8    95.6    63.8   106.8   118.0   206.1   236.7   252.2   263.1   274.5   290.6   314.7   374.6   632.2  2287.7  45000.2    45000  1747339779222  1747339784405
read      204.0    75.0    63.8   106.3   117.1   203.1   235.2   251.1   262.0   273.6   289.5   313.0   366.8   499.9  2374.7  50012.0    50000  1747339785909  1747339791093
read      200.7    70.0    59.1   103.2   113.4   199.0   233.5   250.0   261.2   273.2   289.6   313.9   370.6   486.4   955.5  55039.6    55000  1747339792595  1747339797777
read      206.8    90.4    59.1   102.4   112.6   202.2   240.1   258.4   270.5   284.9   302.8   332.9   408.7   691.3  2364.4  60062.2    60000  1747339799280  1747339804467
read      205.4    81.3    63.8   102.9   113.2   198.0   241.0   260.9   273.5   288.3   306.1   332.8   391.3   519.4  1412.5  65158.6    65000  1747339805970  1747339811153
read      200.0    84.6    59.1   101.7   111.4   191.3   232.9   252.3   265.4   279.6   296.5   323.3   389.5   524.3  2803.8  70159.0    70000  1747339812656  1747339817840
read      198.4    79.4    59.1   101.6   110.9   186.9   230.6   251.6   265.5   280.6   298.8   327.9   393.7   516.0  1039.8  74974.6    75000  1747339819343  1747339824526
read      199.4    85.5    59.1    99.9   109.6   188.3   232.9   254.1   268.0   283.4   301.7   330.1   393.9   521.7  1188.4  80007.1    80000  1747339826029  1747339831211
read      196.8    79.4    54.7   100.1   109.3   183.3   229.5   252.0   266.5   282.1   300.2   328.4   392.3   511.0  1303.8  85234.0    85000  1747339832714  1747339837903
read      199.3    95.7    59.1   100.2   109.7   182.9   229.1   252.5   267.8   284.4   304.2   335.3   414.9   889.2  2350.8  89983.6    90000  1747339839405  1747339844591
read      196.6    92.5    59.1   100.4   109.6   179.9   225.7   250.2   265.9   282.9   303.0   332.8   399.4   580.3  2522.8  94978.2    95000  1747339846094  1747339851276
read      194.1    78.4    59.1    99.8   109.1   177.4   222.8   247.4   263.6   280.7   300.5   330.0   394.8   529.0  1028.1  99970.6   100000  1747339852779  1747339857963
read      197.1    89.8    54.7    99.6   109.1   178.6   223.7   248.9   265.9   284.5   307.0   341.4   427.4   684.4  2490.8 105106.2   105000  1747339859465  1747339864650
read      193.8    85.0    54.7    99.9   109.2   175.4   218.7   244.1   261.4   279.8   301.6   334.6   408.0   588.9  1549.4 110137.8   110000  1747339866153  1747339871337
read      194.3    89.4    54.7    99.7   109.2   175.1   219.2   244.6   262.3   281.4   304.1   337.4   411.5   580.7  2803.9 114968.7   115000  1747339872841  1747339878024
read      192.3    99.3    59.1   100.4   109.6   172.5   213.9   239.3   257.6   277.2   300.3   334.5   409.2   582.7  2852.1 120115.8   120000  1747339879526  1747339884710
read      189.8    81.8    59.1   100.5   109.6   170.3   210.0   235.0   253.9   274.2   297.5   331.7   403.3   577.0  1538.0 125220.6   125000  1747339886213  1747339891396
read      187.1    79.7    54.7   100.2   109.3   168.2   205.2   229.6   247.7   268.3   292.4   326.6   401.6   590.3  1356.0 129884.8   130000  1747339892898  1747339898085
read      195.0   101.5    59.1   102.0   111.7   174.7   214.1   238.6   257.5   278.3   302.9   338.5   423.9   829.8  2836.2 135061.7   135000  1747339899589  1747339904773
read      189.3    90.9    59.1   101.8   111.2   170.8   207.0   230.2   247.8   268.3   292.7   328.2   407.4   634.8  1807.3 139879.6   140000  1747339906276  1747339911459
read      189.5    82.2    59.1   102.7   112.3   171.6   206.9   229.9   247.6   268.3   292.8   327.4   399.3   562.8  1929.8 145019.9   145000  1747339912961  1747339918147
read      194.9    90.5    59.1   104.9   115.1   176.5   212.5   234.8   252.7   273.0   297.6   335.8   428.8   703.7  1850.0 150115.5   150000  1747339919650  1747339924834
read      192.1    98.8    59.1   104.7   114.6   174.6   209.0   230.5   247.3   267.4   292.4   328.8   406.2   597.7  3752.0 154968.4   155000  1747339926337  1747339931522
read      191.0   100.7    59.1   105.3   115.2   173.5   206.5   227.5   243.5   263.2   288.1   325.5   416.4   664.4  2379.8 159870.5   160000  1747339933024  1747339938208
read      193.2    79.3    59.1   107.0   117.6   177.5   210.1   230.5   246.4   265.9   290.6   327.5   405.5   590.6  1381.6 164982.4   165000  1747339939711  1747339944894
read      201.6    90.1    59.1   110.3   121.6   185.9   219.4   239.6   255.4   274.4   299.3   339.5   434.8   669.9  1840.0 169922.2   170000  1747339946396  1747339951580
read      195.3    75.0    59.1   109.4   120.3   181.3   212.7   231.8   246.8   265.2   288.8   324.6   404.2   593.6  1364.5 175086.6   175000  1747339953083  1747339958267
read      197.7    98.3    59.1   110.0   121.1   182.5   213.9   232.6   247.6   265.8   289.4   326.2   417.5   804.2  3308.8 179774.9   180000  1747339959769  1747339964951
read      217.9    98.1    59.1   120.7   135.1   205.3   237.6   257.4   271.9   290.0   313.9   352.6   447.4   661.3  2688.4 185637.6   185000  1747339966454  1747339971638
read      213.6    98.3    50.7   119.3   133.0   199.4   230.2   248.8   263.1   280.3   304.3   344.6   466.5   938.4  4095.0 189784.5   190000  1747339973140  1747339978325
read      219.2   100.9    63.8   121.6   136.1   204.1   235.4   255.2   270.5   289.5   315.4   361.7   491.9   844.0  1800.4 194946.8   195000  1747339979828  1747339985014
read      221.9    87.3    59.1   124.5   139.7   210.2   241.8   260.9   274.4   292.4   315.8   355.1   450.7   696.9  2836.5 200098.7   200000  1747339986517  1747339991701
read      220.5    82.7    63.8   126.9   141.7   210.0   238.5   255.5   268.8   284.8   306.6   344.2   457.8   761.0  1911.8 204801.7   205000  1747339993204  1747339998389
read      232.4   118.6    63.8   126.4   141.5   212.4   246.1   268.0   285.7   309.2   343.3   404.2   545.6   904.2  4202.3 205821.7   210000  1747339999891  1747340005075
read      277.9   106.0    63.8   163.8   185.0   268.3   301.2   319.8   335.0   352.5   376.4   418.8   526.9   793.1  4304.1 212010.1   215000  1747340006577  1747340011761
read      263.7    89.3    59.1   153.5   172.9   253.9   287.2   306.3   319.8   338.2   362.4   401.3   507.6   824.5  2380.7 217581.9   220000  1747340013265  1747340018448
Warning! Detected max cpu usage > 95%
CPU Usage Stats (avg/min/max): 78.24%,22.50%,100.00%
Timestamp end: 1747340019553
