Timestamp start: 1747340043173
#type       avg     std     min      p5     p10     p50     p67     p75     p80     p85     p90     p95     p99    p999   p9999      QPS   target       ts_start         ts_end
read      183.8    75.3    63.8   105.8   119.0   183.4   201.1   211.2   217.8   227.1   237.6   257.3   313.1   511.0  1852.3   4962.6     5000  1747340044680  1747340049879
read      191.7    84.5    68.9   112.3   127.5   190.2   207.3   216.7   224.1   232.2   244.0   263.2   313.6   587.0  3972.6   9970.3    10000  1747340051382  1747340056578
read      192.2    61.4    68.9   110.5   124.6   189.6   208.2   218.2   227.0   236.0   251.6   277.8   346.3   536.0  1234.9  15023.0    15000  1747340058083  1747340063252
read      203.4    92.1    59.1   112.8   127.5   199.0   219.8   231.4   239.9   251.0   266.5   293.0   387.3  1288.8  2605.9  20046.8    20000  1747340064755  1747340069922
read      200.2    73.8    68.9   109.5   122.3   198.5   220.9   232.7   241.9   252.8   268.7   294.4   372.1   631.0  1939.0  25074.2    25000  1747340071426  1747340076594
read      200.2    75.4    63.8   107.9   119.7   199.7   223.3   235.0   244.9   255.5   271.1   295.5   359.6   545.4  2270.7  29911.8    30000  1747340078096  1747340083263
read      201.4    67.0    63.8   107.0   118.2   202.3   227.5   240.5   250.2   261.9   275.8   300.4   365.3   514.4  1198.0  34992.4    35000  1747340084767  1747340089932
read      199.7    74.8    63.8   105.6   116.2   200.9   227.5   240.7   250.4   261.9   275.0   297.9   353.0   500.8  2340.4  40020.6    40000  1747340091434  1747340096601
read      203.8    86.0    54.7   103.9   114.7   202.9   232.0   247.0   257.3   269.8   286.4   313.5   398.7   805.1  2134.5  44832.8    45000  1747340098104  1747340103272
read      205.7    94.5    54.7   104.2   114.6   205.4   236.4   251.9   262.9   274.6   291.4   316.7   387.0   660.3  3816.0  49864.6    50000  1747340104776  1747340109944
read      202.4    90.4    63.8   103.1   113.1   199.2   232.6   249.0   260.5   273.1   290.9   317.7   393.5   686.1  3947.5  54823.2    55000  1747340111447  1747340116615
read      201.6    78.8    59.1   101.9   111.8   198.0   234.9   252.0   263.8   276.5   293.9   319.6   386.3   592.6  1758.4  59825.8    60000  1747340118119  1747340123287
read      198.2    77.0    54.7   101.6   110.9   190.5   230.1   248.5   261.1   274.7   293.3   320.4   394.3   580.8  1493.3  65032.4    65000  1747340124790  1747340129955
read      206.7   101.6    59.1   101.5   111.1   192.9   236.7   257.9   271.7   288.0   308.6   342.4   484.2  1168.4  2351.3  69947.2    70000  1747340131458  1747340136625
read      199.5    94.2    59.1   100.6   110.1   188.3   230.8   250.5   263.8   278.3   296.8   328.7   416.9   718.6  2265.6  75261.1    75000  1747340138128  1747340143296
read      203.6    89.1    59.1   101.7   111.2   191.0   236.7   258.1   271.8   287.8   307.5   339.1   428.3   702.0  1924.0  79918.0    80000  1747340144798  1747340149964
read      194.6    78.9    59.1   100.2   109.4   180.7   224.6   246.6   261.3   276.9   296.0   324.5   395.1   575.5  1144.1  85111.6    85000  1747340151467  1747340156633
read      199.0    94.0    54.7   100.6   109.8   182.2   227.4   250.5   265.6   282.4   303.0   336.3   434.9   922.7  2277.0  89706.1    90000  1747340158135  1747340163303
read      195.1    83.1    59.1    99.6   108.8   178.5   223.6   247.6   263.5   280.5   301.0   333.0   408.2   617.2  1416.8  95040.6    95000  1747340164808  1747340169977
read      195.6    94.6    54.7    99.6   108.9   178.0   223.3   247.5   263.4   280.3   300.5   332.0   408.3   690.9  2909.3 100019.8   100000  1747340171479  1747340176646
read      188.6    79.2    54.7    99.6   108.3   170.4   211.5   235.9   253.1   271.3   292.9   323.7   398.2   578.8  1165.4 105136.1   105000  1747340178149  1747340183317
read      192.1    83.5    59.1   100.2   109.3   173.1   217.1   242.7   260.2   278.4   299.7   330.8   398.4   546.0  2020.7 109917.2   110000  1747340184820  1747340189987
read      194.1    84.9    59.1   101.7   111.0   175.2   217.6   243.1   261.2   280.5   302.9   335.4   403.4   571.8  1777.7 114847.8   115000  1747340191490  1747340196658
read      193.6   102.1    59.1   101.2   110.3   172.6   213.9   239.2   257.6   277.2   300.2   334.9   420.4   963.5  2864.1 119855.8   120000  1747340198160  1747340203329
read      190.2    88.8    54.7   100.4   109.7   171.1   211.2   236.1   254.9   274.6   297.2   329.8   396.4   529.6  2337.7 124807.8   125000  1747340204832  1747340210001
read      193.0    89.2    59.1   101.9   111.4   172.8   212.5   237.4   256.4   277.1   301.8   337.4   417.5   640.2  1984.4 130340.2   130000  1747340211503  1747340216670
read      191.1    92.8    59.1   102.5   111.8   171.7   209.3   233.2   251.5   272.1   296.4   332.2   411.0   615.0  2009.1 134611.4   135000  1747340218172  1747340223341
read      190.7    83.0    59.1   102.9   112.4   172.4   209.1   232.5   250.5   271.1   295.0   329.7   403.9   583.5  1347.9 139729.1   140000  1747340224843  1747340230011
read      190.4    84.2    59.1   101.9   111.6   172.2   208.8   232.0   249.9   270.5   294.9   329.8   402.5   589.7  1868.8 144980.1   145000  1747340231514  1747340236683
read      191.0    92.6    59.1   103.2   113.0   172.7   208.4   230.9   248.2   268.5   293.1   329.5   410.9   603.1  2417.7 150028.2   150000  1747340238186  1747340243354
read      192.3    81.9    54.7   105.0   114.9   175.0   210.0   231.9   249.0   269.0   293.8   330.3   406.7   568.5  1911.5 154885.5   155000  1747340244858  1747340250026
read      189.9    81.1    59.1   104.3   114.2   172.9   205.8   227.0   243.1   263.0   288.1   324.8   412.3   653.8  1681.4 160043.2   160000  1747340251529  1747340256697
read      193.6    98.1    59.1   106.1   116.5   176.3   209.0   229.4   245.4   265.2   290.2   328.6   427.3   816.0  1947.5 164852.8   165000  1747340258201  1747340263369
read      197.4    95.6    54.7   109.5   120.3   181.5   213.8   233.5   249.5   268.6   293.1   330.7   419.2   664.1  4080.8 169792.8   170000  1747340264872  1747340270039
read      197.0    80.6    59.1   111.0   122.3   182.6   213.8   232.9   248.3   266.8   290.6   326.4   406.1   617.6  1579.4 175007.3   175000  1747340271542  1747340276711
read      202.4    85.7    63.8   112.4   124.4   187.0   218.6   237.7   252.9   271.3   295.4   335.9   451.2   776.6  1723.9 180069.7   180000  1747340278214  1747340283382
read      204.0    87.4    63.8   113.9   126.5   190.1   222.0   241.0   255.6   273.5   296.7   335.2   424.3   641.5  2330.2 185107.2   185000  1747340284887  1747340290060
read      195.4    91.5    59.1   111.4   122.9   182.7   211.9   229.4   242.9   259.7   281.8   316.5   396.1   611.2  2951.3 189868.8   190000  1747340291563  1747340296732
read      208.5    78.9    59.1   119.7   132.9   197.1   227.0   244.7   258.1   274.2   295.9   331.7   416.6   641.2  1870.1 194993.2   195000  1747340298235  1747340303404
read      216.2    75.2    59.1   127.3   141.4   207.0   234.4   251.2   263.9   278.6   299.0   334.5   422.6   665.9  1587.0 199998.3   200000  1747340304907  1747340310077
read      242.9    97.8    63.8   139.7   156.9   232.6   264.2   282.1   295.1   312.3   335.1   372.7   475.5   843.1  2601.0 204727.4   205000  1747340311581  1747340316748
read      215.3    87.8    59.1   123.2   137.6   202.9   232.6   250.6   264.4   281.0   303.9   341.9   440.5   833.5  2442.3 209994.2   210000  1747340318252  1747340323419
read      270.1   101.1    59.1   152.5   171.2   259.1   298.4   320.2   336.9   356.2   380.9   420.7   505.8   682.7  3277.9 212460.7   215000  1747340324922  1747340330092
read      235.3    77.8    63.8   144.2   161.3   228.1   254.1   269.4   280.6   294.3   313.9   345.4   435.0   690.1  1565.0 220118.8   220000  1747340331595  1747340336764
Warning! Detected max cpu usage > 95%
CPU Usage Stats (avg/min/max): 55.28%,0.50%,100.00%
Timestamp end: 1747340338571
