Timestamp start: 1747265071352
#type       avg     std     min      p5     p10     p50     p67     p75     p80     p85     p90     p95     p99    p999   p9999      QPS   target       ts_start         ts_end
read      198.2    80.8    86.8   129.9   140.4   189.0   210.5   222.8   232.0   244.0   260.0   287.7   356.5  1058.7  3115.8   4972.2     5000  1747265072860  1747265078113
read      211.5    74.1    74.4   130.5   143.6   203.6   228.8   242.9   253.3   266.5   283.1   311.6   380.2  1043.9  2346.3  10008.0    10000  1747265079619  1747265084860
read      220.3    74.9    74.4   126.3   142.1   214.7   242.3   257.7   269.0   282.5   299.5   331.8   402.1   568.2  1856.1  14986.7    15000  1747265086365  1747265091565
read      222.0    77.3    68.9   121.7   137.3   217.0   246.4   263.0   274.3   289.1   308.3   339.8   405.7   614.3  2287.7  20003.0    20000  1747265093069  1747265098270
read      228.6    95.1    68.9   115.7   131.9   223.5   256.6   274.0   287.4   303.1   324.5   359.1   437.8   627.2  2932.0  25096.8    25000  1747265099774  1747265104973
read      233.6   110.1    68.9   112.0   126.8   227.6   263.8   282.9   296.3   314.7   338.4   373.7   466.5   863.0  2891.3  29902.6    30000  1747265106477  1747265111677
read      232.7    87.4    68.9   110.8   124.2   228.8   268.1   288.3   302.8   320.2   344.1   379.2   449.7   587.5  1176.4  34822.0    35000  1747265113182  1747265118380
read      238.7   106.1    68.9   109.6   122.6   232.3   275.8   297.3   314.0   333.8   359.1   395.8   472.0   903.5  2882.9  39888.0    40000  1747265119885  1747265125084
read      232.0    95.3    68.9   107.7   119.8   225.1   270.1   292.6   309.6   329.9   355.2   391.1   459.8   586.8  2151.3  44924.2    45000  1747265126588  1747265131791
read      232.3    98.1    68.9   106.1   117.9   223.0   271.7   295.9   313.9   335.2   361.3   397.7   467.1   591.3  2145.6  49936.8    50000  1747265133295  1747265138494
read      234.6    99.0    68.9   105.6   117.4   222.8   275.2   301.1   320.2   343.2   370.4   408.4   483.8   603.2  1418.5  55017.0    55000  1747265140000  1747265145198
read      232.3   105.2    63.8   104.6   116.2   218.4   272.0   298.6   318.3   341.1   369.3   407.8   481.9   620.0  2490.4  59840.2    60000  1747265146703  1747265151904
read      231.1   100.5    68.9   103.8   115.4   215.6   270.1   297.9   318.7   342.9   371.7   411.1   485.1   614.8   853.3  64871.9    65000  1747265153409  1747265158607
read      241.9   225.3    63.8   104.7   116.8   221.2   279.2   310.1   332.6   358.2   388.9   432.0   526.4   793.1 16250.4  70131.4    70000  1747265160112  1747265165309
read      232.3   129.3    63.8   104.0   115.6   213.4   269.0   298.5   320.7   346.1   376.5   418.4   496.1   634.2  1983.9  74807.6    75000  1747265166814  1747265172013
read      232.6   104.7    63.8   102.9   114.9   213.1   268.9   299.7   323.0   349.2   380.4   423.0   503.9   673.5  1068.3  79806.8    80000  1747265173518  1747265178722
read      232.0   109.5    63.8   104.7   116.3   210.0   265.8   296.8   320.4   347.3   379.3   425.2   514.2   737.9  1980.8  85200.9    85000  1747265180227  1747265185427
read      236.4   106.9    68.9   105.7   118.4   217.2   272.0   302.9   325.9   352.9   385.3   428.4   505.7   641.3  1651.4  90408.4    90000  1747265186932  1747265192131
read      234.6   105.7    68.9   105.3   118.2   214.8   268.8   299.5   322.9   350.0   381.9   426.0   505.1   625.4  1080.2  95446.3    95000  1747265193637  1747265198841
read      238.5   109.5    63.8   107.6   121.3   218.3   271.7   303.0   326.3   353.5   385.7   430.0   516.5   663.6  2523.0 100054.0   100000  1747265200345  1747265205544
read      241.9   103.3    63.8   111.0   125.3   223.3   276.4   307.3   329.8   355.8   387.0   430.2   514.4   640.1  1144.2 105019.4   105000  1747265207049  1747265212250
read      242.6   106.6    68.9   110.9   125.5   222.9   276.1   307.7   330.7   356.7   388.2   432.1   522.2   674.0  1700.6 110015.5   110000  1747265213755  1747265218954
read      261.3   130.5    63.8   117.7   134.6   240.7   296.4   328.7   351.4   377.0   409.3   460.1   600.2   862.0  2667.7 115051.2   115000  1747265220457  1747265225659
read      245.1   103.9    68.9   115.8   131.5   226.8   278.3   308.5   330.0   354.5   384.2   427.4   512.2   655.5  1746.1 120032.2   120000  1747265227163  1747265232363
read      531.5   204.0    74.4   299.0   345.3   465.0   534.5   663.9   743.5   799.2   850.0   911.1  1007.5  1171.7  4220.1 118881.0   125000  1747265233867  1747265239069
read      387.5   166.3    68.9   177.0   210.4   355.7   425.7   476.4   517.4   565.1   620.3   689.1   806.9   994.0  3525.2 130047.8   130000  1747265240574  1747265245774
read      502.0   218.6    74.4   288.9   321.8   436.3   532.4   634.7   688.4   734.2   781.2   840.7   940.4  1264.9  7151.4 127788.9   135000  1747265247280  1747265252479
read      484.1   189.0    93.8   282.9   311.7   418.6   521.9   623.4   669.3   709.7   748.1   801.9   910.8  1090.0  4246.7 132173.5   140000  1747265253985  1747265259183
read      517.2   239.2    86.8   280.9   317.1   463.1   545.7   626.1   683.2   745.0   815.6   894.5  1010.4  1260.0 11175.4 123924.3   145000  1747265260688  1747265265891
read      525.4   203.8    93.8   301.8   336.1   466.5   549.9   643.5   703.7   759.9   815.7   882.5  1003.2  1236.6  4723.1 123101.8   150000  1747265267396  1747265272597
read      524.4   198.3    93.8   305.5   338.7   460.1   554.2   662.8   717.1   765.3   813.5   871.3   982.0  1153.9  3833.4 123374.8   155000  1747265274102  1747265279304
read      517.8   194.2    93.8   294.0   327.4   458.4   558.8   649.3   700.8   749.3   800.3   864.9   986.4  1185.7  4738.6 124895.0   160000  1747265280810  1747265286011
read      544.9   201.1   101.3   319.1   353.4   483.7   565.7   663.1   730.7   791.0   849.9   919.5  1032.3  1238.5  4664.5 118812.2   165000  1747265287516  1747265292717
read      506.7   192.5   101.3   292.2   324.3   445.0   536.1   635.3   691.3   739.8   792.3   858.4   970.7  1151.7  3668.8 127624.8   170000  1747265294223  1747265299423
read      477.0   182.0    80.4   268.5   300.0   413.7   536.8   616.9   657.3   694.5   733.1   787.9   907.8  1137.3  4401.1 135436.6   175000  1747265300928  1747265306128
read      500.7   194.2   101.3   277.5   308.1   451.5   548.2   618.9   663.5   710.3   767.4   858.8  1006.5  1225.0  4025.7 129178.6   180000  1747265307633  1747265312831
read      506.2   194.3    86.8   296.4   327.5   441.2   527.7   633.5   694.1   743.5   792.2   853.0   961.8  1172.8  4554.9 127818.5   185000  1747265314337  1747265319538
read      486.9   208.5    74.4   280.2   310.5   416.8   536.6   637.4   679.2   716.3   752.7   802.5   913.9  1123.7  5314.5 132768.2   190000  1747265321043  1747265326244
read      475.2   184.0    86.8   271.6   301.2   406.1   541.9   622.4   659.6   693.1   729.9   781.0   882.1  1095.6  4028.6 135995.3   195000  1747265327748  1747265332947
read      511.7   205.8    80.4   299.9   332.4   439.4   532.5   653.6   712.2   759.3   801.9   858.1   970.4  1171.3  4015.4 126476.0   200000  1747265334452  1747265339651
read      569.7   220.6    93.8   319.3   360.2   508.8   590.6   680.1   753.8   827.0   897.3   976.0  1099.1  1362.3  6991.1 113799.7   205000  1747265341157  1747265346359
read      539.9   209.9    93.8   308.2   345.5   480.5   565.7   655.5   720.8   782.5   843.5   916.3  1036.1  1235.1  5651.4 119953.7   210000  1747265347863  1747265353062
read      576.1   220.9    93.8   336.0   376.1   509.8   591.1   690.9   768.3   837.4   902.3   978.5  1096.0  1336.3  7016.9 112623.4   215000  1747265354567  1747265359768
read      515.6   198.0    86.8   295.7   328.1   449.6   556.3   655.4   707.3   752.2   797.5   861.1   997.0  1256.7  3841.8 125426.8   220000  1747265361272  1747265366473
Warning! Detected max cpu usage > 95%
CPU Usage Stats (avg/min/max): 82.83%,48.48%,100.00%
Timestamp end: 1747265366777
