Timestamp start: 1747334859512
Random waveform, supplied seed
Total number of intervals = 192 (8195, 158594, 149766, 10382, 170548, 150565, 137144, 143496, 144743, 116745, 129314, 144723, 117379, 119931, 132052, 143350, 143518, 172981, 94027, 170019, 179090, 47130, 19439, 128963, 23787, 61848, 101968, 108767, 97139, 158594, 141240, 41405, 57997, 133577, 53832, 139832, 170515, 128494, 20789, 63647, 64802, 55719, 174179, 106356, 178750, 105831, 110667, 8803, 45662, 30867, 45656, 100938, 132360, 67591, 33910, 85729, 12884, 45621, 36938, 56902, 102243, 14085, 94103, 58175, 151312, 83333, 165153, 123975, 28449, 14903, 31189, 40636, 80574, 168820, 162621, 101621, 58592, 153042, 112238, 160265, 57109, 88551, 8385, 34088, 113600, 131842, 112066, 72585, 133669, 11820, 12639, 118548, 165754, 86823, 16898, 123124, 72278, 47757, 60510, 25237, 97783, 118966, 16631, 11743, 115026, 122371, 7198, 25022, 157513, 171975, 154918, 139185, 152724, 20845, 140348, 88725, 134088, 66126, 78214, 55191, 54081, 112478, 179666, 100584, 127920, 6594, 25020, 129587, 10277, 148458, 66114, 49261, 133049, 106628, 23498, 103564, 161774, 39037, 163622, 132405, 131596, 174543, 90567, 116582, 13888, 119224, 156471, 164013, 41909, 128280, 107066, 46119, 10227, 10870, 146664, 19865, 113409, 70623, 52633, 104630, 42594, 95196, 52243, 37031, 39878, 110750, 8231, 63638, 90167, 50555, 15997, 43089, 12188, 76615, 143480, 63793, 71996, 41778, 21860, 45582, 81972, 42852, 51852, 109368, 55794, 35534, 90576, 95085, 100029, 72551, 84629, 74136)
Average QPS expected = 88139
Timestamp start: 1747334861017
Timestamp end: 1747335821277

#type       avg     std     min      p5     p10     p50     p67     p75     p80     p85     p90     p95     p99    p999   p9999      QPS   target
read      179.6    74.4    68.9   100.7   114.1   179.7   193.7   200.8   207.1   214.3   224.3   240.8   294.1  1002.3  2195.1   8113.4     8195
read      202.9   113.0    63.8   109.2   119.7   183.3   219.3   241.8   259.1   279.1   304.9   342.3   431.1  1383.9  3483.0 158291.0   158594
read      198.6   107.5    68.9   105.3   115.4   177.8   214.2   236.9   255.1   275.8   302.4   340.7   431.5  1345.6  3113.1 149712.2   149766
read      182.8    68.5    63.8   100.1   114.4   182.0   198.9   208.7   215.5   224.6   235.5   256.1   318.9   945.6  2166.1  10412.6    10382
read      217.0   131.2    63.8   115.8   128.8   197.6   233.3   255.0   271.3   290.6   315.4   355.3   465.1  1949.6  4023.1 170574.2   170548
read      198.4    90.7    63.8   106.8   117.1   179.3   215.4   238.0   256.0   276.8   303.0   341.2   424.1  1004.5  2242.2 150766.4   150565
read      198.0   120.7    63.8   103.5   113.2   175.2   213.9   238.8   258.2   280.5   307.9   345.7   434.9  1208.3  3624.0 137045.6   137144
read      196.0    91.2    63.8   104.4   114.3   176.3   213.5   236.9   255.7   276.8   303.3   340.8   416.4   955.2  2955.0 143456.2   143496
read      198.9   108.2    59.1   105.1   115.2   178.2   215.8   239.5   257.9   278.9   305.2   342.9   425.7  1201.3  3277.1 144709.8   144743
read      199.0    98.4    68.9   101.8   111.3   177.2   220.6   248.2   268.1   290.2   316.2   352.9   425.6   716.4  3049.2 116449.0   116745
read      200.3   106.4    63.8   103.2   113.1   178.4   219.0   245.2   264.6   286.8   313.6   352.2   435.1  1015.2  3557.3 129510.8   129314
read      200.9   100.4    59.1   106.2   116.7   181.3   219.6   244.0   262.3   283.4   309.7   346.2   425.0   915.9  3308.9 144417.4   144723
read      200.6   115.4    63.8   101.5   110.8   176.9   220.7   248.1   267.8   289.8   315.7   353.6   435.9  1280.6  3650.6 117337.0   117379
read      199.4   108.5    63.8   101.7   111.0   176.4   219.5   246.9   266.6   288.6   314.9   352.2   432.4  1084.3  3272.4 120052.6   119931
read      197.7   102.1    63.8   102.5   112.2   175.7   215.6   241.2   261.0   283.2   310.2   346.9   431.5  1043.0  3016.8 131788.8   132052
read      199.1    96.8    63.8   105.1   115.2   178.9   216.7   240.9   259.5   280.7   307.2   344.3   426.7  1076.8  2957.5 143312.4   143350
read      204.9   127.9    68.9   106.4   116.7   182.2   220.6   244.9   263.3   284.7   311.2   349.7   453.9  1541.5  3585.9 143273.8   143518
read      208.6    90.9    68.9   115.0   127.8   193.7   228.2   249.2   265.1   283.7   307.6   342.7   420.0   798.7  3071.6 172824.4   172981
read      201.5   100.0    63.8   100.0   109.0   179.5   229.2   257.4   275.7   296.0   319.7   356.4   436.1   778.2  2919.3  93961.2    94027
read      209.2    97.6    63.8   113.3   125.9   192.8   228.2   249.6   265.7   284.8   309.4   345.8   434.3  1016.5  3289.9 170081.6   170019
read      218.0   112.8    68.9   119.0   132.4   202.4   237.6   259.1   274.3   293.0   316.5   353.1   437.4  1157.8  3371.5 179181.8   179090
read      212.0    86.8    59.1   103.2   113.0   207.4   246.1   265.8   279.4   295.4   316.4   348.3   412.7   545.1  2115.9  47321.0    47130
read      201.0    67.3    63.8   106.5   119.4   198.7   225.0   238.7   249.4   261.7   276.0   301.7   358.7   530.0   897.6  19312.4    19439
read      201.8   112.8    63.8   103.4   113.2   177.8   218.5   244.9   264.8   287.5   315.0   355.6   468.4  1329.5  3079.3 129202.8   128963
read      203.8    79.5    63.8   105.6   117.3   199.1   227.8   243.7   254.7   268.7   286.2   312.7   377.6   788.4  1543.2  23692.0    23787
read      228.6   109.2    63.8   100.4   110.0   212.5   267.5   298.4   319.9   344.3   372.4   411.0   484.7   715.7  2010.0  61954.0    61848
read      204.8   102.3    68.9   101.0   110.2   179.7   229.1   258.7   279.0   301.5   329.2   370.5   485.2   808.5  2329.9 101978.8   101968
read      198.4    89.6    63.8   101.1   110.2   176.3   222.3   251.0   270.8   292.6   318.1   354.2   425.9   602.7  1153.5 109146.8   108767
read      203.2   102.7    68.9   101.0   110.3   181.0   230.5   258.6   277.4   298.0   322.3   359.5   440.9   777.3  2776.7  97142.2    97139
read      206.1   109.4    63.8   110.8   122.2   188.3   225.1   247.3   264.2   284.2   309.5   346.0   431.7  1002.9  2979.1 158708.8   158594
read      204.8   136.3    63.8   105.2   115.5   181.6   220.9   245.2   263.8   285.3   312.1   351.9   464.7  1494.6  3882.4 141397.2   141240
read      222.6    93.5    59.1   103.5   114.3   214.0   257.5   281.1   297.1   315.4   337.7   369.6   436.5   912.2  1925.4  41445.0    41405
read      219.6   112.1    68.9   101.9   111.5   207.9   255.4   279.6   296.0   316.2   341.9   381.9   460.5   680.0  3135.2  57813.8    57997
read      203.9   116.6    63.8   104.4   114.5   181.0   222.0   247.8   267.0   289.2   315.9   355.6   449.0  1458.7  3228.6 133504.0   133577
read      228.3   105.9    59.1   102.6   112.6   215.8   266.4   294.9   314.9   336.7   362.6   397.6   466.0   729.3  1888.7  53814.8    53832
read      206.0   125.5    63.8   106.1   116.5   181.7   220.8   245.9   264.9   286.9   314.5   355.3   471.4  1541.4  3322.2 139708.8   139832
read      221.7   138.2    68.9   115.8   129.5   202.2   240.6   264.0   280.7   300.6   327.0   369.3   477.7  1625.7  4317.9 170389.8   170515
read      198.3    98.4    68.9   102.5   112.2   177.0   218.1   244.4   263.8   285.9   312.6   349.7   426.8   833.2  2488.0 128366.6   128494
read      203.7    81.4    63.8   107.5   120.3   200.1   226.9   241.4   252.1   265.3   281.4   307.5   367.1   628.5  2062.4  20744.8    20789
read      229.2   105.4    63.8    99.5   108.8   212.7   269.6   302.5   324.9   349.3   377.1   416.3   492.7   609.8   853.0  63462.0    63647
read      216.6   106.7    63.8   100.4   109.8   201.6   252.8   278.0   295.4   316.1   342.2   383.7   466.9   698.5  2966.3  64907.8    64802
read      214.6   104.5    59.1   102.3   111.9   206.4   250.4   272.1   287.5   305.3   327.8   363.4   436.1   591.0  2818.5  55860.8    55719
read      222.3   123.5    63.8   118.0   131.6   203.7   240.7   263.0   279.2   298.6   324.1   365.7   473.3  1627.2  3987.0 174171.2   174179
read      200.7   103.0    63.8   100.5   109.8   177.8   225.0   253.2   272.8   294.7   320.1   357.6   437.3   731.1  3084.9 106585.6   106356
read      238.9   117.3    68.9   123.4   139.0   221.0   262.9   287.3   305.3   326.8   355.7   401.0   510.2  1217.0  3792.6 178803.8   178750
read      203.8    93.5    68.9   101.9   111.3   180.7   228.9   258.0   277.7   300.2   327.1   367.0   452.9   683.5  1889.7 105546.2   105831
read      206.0   124.0    68.9   101.9   111.5   181.0   227.5   255.7   275.7   298.4   326.1   367.9   489.9  1003.8  4349.8 111008.8   110667
read      183.8    76.8    63.8   101.1   116.2   182.0   199.2   209.2   216.1   225.5   236.5   260.4   319.1  1018.6  2154.0   8810.8     8803
read      228.6   114.9    63.8   103.1   113.5   216.1   264.3   290.6   308.4   328.0   351.5   387.3   465.5  1138.2  2659.7  45425.0    45662
read      211.6    79.8    59.1   106.2   117.9   208.6   241.0   258.3   270.5   285.0   302.8   330.8   390.8   593.7  2392.7  30750.0    30867
read      220.3   105.6    63.8   103.8   114.1   211.7   253.6   275.9   292.2   310.9   334.1   368.0   435.6  1001.4  3498.2  45734.2    45656
read      205.2   133.0    63.8    99.6   108.9   178.8   228.4   257.1   276.4   297.4   323.3   363.6   488.1  1852.9  3857.0 101079.8   100938
read      200.1   123.4    63.8   102.1   111.9   176.7   217.8   243.4   262.6   284.4   310.9   349.1   456.1  1304.8  5123.3 132362.8   132360
read      224.5   169.3    59.1    97.9   107.1   202.2   254.3   282.3   301.9   324.3   352.6   396.5   538.5  2339.2  4990.2  67502.4    67591
read      211.0    96.3    63.8   100.8   111.3   206.9   242.7   261.4   273.8   288.8   307.1   334.9   398.5   795.7  2507.8  33832.4    33910
read      204.8   105.3    63.8    99.2   108.3   183.8   235.4   262.8   280.4   299.8   323.1   359.8   447.7  1020.6  2827.5  85737.0    85729
read      191.6    83.2    59.1   104.5   118.8   189.3   209.8   220.9   229.4   239.0   252.6   274.0   331.2   946.4  2487.8  12922.8    12884
read      218.6    95.1    63.8   100.8   111.1   210.9   255.2   278.2   293.7   311.3   332.7   364.0   429.9   710.4  2334.9  45566.8    45621
read      213.4    92.8    59.1   100.6   111.2   209.3   246.8   266.3   279.6   294.7   314.4   343.6   408.2   644.0  2528.9  36776.8    36938
read      220.6   123.9    63.8    98.5   107.9   207.7   255.5   281.3   299.5   319.4   344.0   381.2   467.8  1253.8  2825.6  57114.0    56902
read      204.6   109.0    63.8   100.2   109.3   178.7   228.5   257.9   278.0   300.3   328.2   370.7   489.3  1007.9  2939.1 102156.4   102243
read      189.8    91.0    59.1   102.8   116.4   186.1   207.1   218.4   227.3   236.6   251.5   273.8   336.0  1057.8  3225.7  14214.8    14085
read      205.6   128.4    59.1    99.6   108.6   180.7   231.3   259.0   277.1   297.3   322.1   362.4   473.2  1916.4  4116.1  93627.8    94103
read      218.8   117.8    63.8    98.4   107.7   205.5   253.3   278.6   296.2   316.0   340.6   376.7   463.6  1409.7  2985.6  58266.8    58175
read      215.8   170.6    63.8   108.4   119.4   186.6   224.3   248.0   266.1   287.8   315.8   362.6   738.5  2415.2  4866.9 151040.2   151312
read      200.3    86.0    68.9   100.0   108.8   183.1   233.6   258.8   274.8   292.8   314.4   345.0   411.7   542.7  1677.5  83190.2    83333
read      213.9   127.6    63.8   112.5   124.9   193.3   230.3   253.0   270.0   290.3   316.1   358.3   477.0  1895.3  3592.4 165210.2   165153
read      196.8    98.2    63.8   101.7   111.0   175.3   217.4   243.6   262.8   284.5   310.6   346.7   429.9   788.1  2803.9 124149.0   123975
read      208.2   100.5    59.1   102.0   113.1   205.9   237.0   253.9   265.8   278.7   295.2   320.5   383.8   671.8  2694.7  28462.2    28449
read      193.7    66.3    59.1   105.1   119.3   192.5   214.4   226.5   234.5   245.7   259.1   280.0   332.3   523.3  1825.4  14866.6    14903
read      214.1    84.1    63.8   102.7   113.5   212.1   246.4   264.4   276.2   291.1   309.3   336.6   401.1   694.7  1937.5  31316.0    31189
read      221.4   112.7    63.8   102.2   112.8   215.4   254.6   274.8   289.5   306.0   326.2   358.6   433.2  1906.6  3003.0  40720.6    40636
read      225.4   139.4    63.8    98.2   107.4   200.8   258.4   290.5   312.6   337.6   368.1   414.0   526.0  1827.7  3191.3  80833.2    80574
read      228.2   150.8    63.8   116.3   130.0   203.7   242.5   265.9   283.2   304.4   332.9   381.2   579.4  2008.0  3475.1 168630.2   168820
read      210.0   123.1    63.8   111.7   123.6   191.0   227.3   249.6   266.5   286.3   311.6   349.8   452.2  1488.1  3900.1 162621.6   162621
read      201.5    99.0    68.9   101.5   110.6   179.7   228.1   255.7   274.3   294.9   319.3   356.0   433.2   684.1  3041.1 101522.0   101621
read      222.9   124.8    68.9    99.9   109.5   209.6   256.8   281.7   299.1   319.4   345.3   385.8   480.1  1728.3  2914.3  58643.0    58592
read      217.6   153.9    68.9   110.2   121.7   191.1   230.0   253.9   272.0   293.5   320.4   367.2   622.5  2080.4  4416.7 153133.4   153042
read      203.5   136.0    63.8   102.7   112.0   177.9   223.5   251.9   272.1   294.5   320.5   359.9   448.2  1267.5  5833.2 112043.4   112238
read      207.2   119.9    68.9   109.6   120.6   186.4   223.5   246.2   263.4   283.7   309.7   348.1   458.9  1521.9  3408.8 160138.0   160265
read      223.2   132.8    63.8    99.5   109.1   208.5   255.6   281.3   298.8   318.8   344.3   383.8   486.5  1949.0  3082.0  57049.4    57109
read      213.4   118.5    63.8    98.6   107.7   188.7   243.7   273.5   294.0   316.5   344.2   388.0   495.2  1423.8  2602.6  88477.6    88551
read      179.6    81.2    59.1    99.3   113.5   177.4   194.6   204.3   212.2   220.9   232.7   252.2   304.4  1028.7  2031.5   8351.4     8385
read      211.1    80.2    59.1   101.6   112.2   208.6   244.1   262.8   275.0   290.0   308.4   336.1   396.5   538.2  1333.5  34156.2    34088
read      202.8   142.2    63.8   100.5   109.7   176.2   221.1   248.6   268.4   290.5   316.9   357.1   482.2  1911.3  4343.2 113627.6   113600
read      195.7    89.8    63.8   102.5   111.9   174.8   214.9   240.0   259.0   280.5   306.9   343.7   424.6   834.7  2015.2 131722.6   131842
read      200.1   103.9    63.8   101.6   110.9   177.2   222.5   250.0   269.8   291.7   317.2   354.9   439.8   841.5  2709.6 112174.4   112066
read      217.8   115.9    59.1    98.3   107.4   199.1   251.8   279.8   299.2   320.9   348.2   390.7   485.8  1383.8  2667.0  72372.2    72585
read      210.8   186.2    59.1   104.2   114.4   181.3   221.7   246.6   265.3   287.1   314.5   356.5   566.0  3010.9  5322.8 134057.2   133669
read      187.2    90.5    59.1   103.7   118.6   184.2   203.3   214.4   222.2   231.5   244.3   264.7   315.0  1077.9  2977.4  11940.6    11820
read      190.4   106.1    59.1   105.4   120.2   187.6   208.1   218.8   227.4   236.0   250.2   270.5   315.6   817.5  5413.8  12612.2    12639
read      202.1   111.0    63.8   101.2   110.5   177.0   221.3   248.8   268.6   291.2   318.9   363.0   500.1  1217.5  3191.9 118462.0   118548
read      208.2   103.3    63.8   112.2   124.5   190.9   226.3   248.0   264.6   284.3   309.6   346.9   437.6  1143.4  2700.0 165538.6   165754
read      208.1   121.5    63.8   101.3   110.5   186.5   237.6   264.3   281.7   301.2   325.0   363.2   460.8  1095.6  4612.6  86866.8    86823
read      199.5    91.0    54.7   109.6   124.2   196.3   218.6   231.1   240.1   251.6   267.2   291.4   359.6   798.1  2689.5  16795.0    16898
read      198.9    89.8    63.8   102.3   111.9   178.0   220.6   246.8   265.9   287.6   314.4   354.8   434.2   677.0  1992.6 123100.6   123124
read      210.1   108.4    63.8   100.7   110.3   194.3   243.5   268.4   285.2   303.9   326.8   361.2   431.6  1000.9  2889.7  72227.2    72278
read      213.3    85.1    63.8   101.4   111.8   207.6   250.4   271.7   286.4   302.5   321.3   350.8   408.7   504.0  1388.3  47813.0    47757
read      212.2   107.0    63.8    99.9   110.2   202.3   248.5   271.4   287.2   304.9   326.8   359.7   424.8   533.2  3760.6  60538.8    60510
read      203.2    70.8    63.8   107.5   120.2   202.4   228.9   242.9   252.9   265.5   280.8   304.8   358.4   463.7  2083.1  25431.6    25237
read      202.4    91.9    54.7   100.4   109.9   181.9   230.9   258.0   276.1   296.3   320.6   358.3   434.1   633.2  1922.2  97748.4    97783
read      198.6    86.1    63.8   102.6   112.2   178.3   221.8   248.8   268.0   289.1   313.9   348.1   421.3   639.9  1900.1 118877.2   118966
read      202.0   107.7    59.1   113.1   128.0   197.5   218.3   230.2   238.4   249.6   264.6   289.6   358.4  1313.2  4877.6  16618.0    16631
read      195.4    95.4    63.8   112.6   129.1   193.3   212.2   222.8   230.7   240.2   253.0   273.8   334.3   618.9  3272.6  11687.0    11743
read      212.0   131.1    59.1   104.7   115.0   187.3   233.0   261.4   281.6   305.1   334.0   375.5   490.0  1266.1  2876.5 114884.6   115026
read      208.6   104.1    68.9   105.9   116.4   187.5   230.7   256.8   275.7   298.2   326.3   367.3   454.9   936.9  3059.0 122589.4   122371
read      189.7    80.2    59.1   106.1   121.9   186.6   203.7   214.1   221.7   231.4   244.9   268.0   342.1  1083.8  1946.8   7193.6     7198
read      219.3    99.3    74.4   114.3   127.5   216.7   243.8   259.0   269.7   282.8   299.0   327.0   396.4  1306.4  2961.3  25108.4    25022
read      227.5   131.4    68.9   117.9   131.6   206.5   246.1   270.3   288.3   309.6   337.5   382.2   516.1  1861.5  3624.3 157298.0   157513
read      242.2   102.7    63.8   126.1   141.8   225.2   267.3   291.9   310.7   333.3   363.0   408.9   509.3   913.1  2525.0 172014.8   171975
read      218.8   114.1    68.9   114.5   127.9   199.7   238.0   261.9   279.0   299.5   326.5   368.4   469.5  1268.4  3326.5 154822.6   154918
read      206.2    93.7    68.9   108.2   118.9   186.7   226.4   250.9   269.1   290.7   317.3   357.6   441.0   911.0  2252.5 139012.8   139185
read      224.2   132.7    63.8   115.8   129.3   203.4   243.0   267.3   285.2   306.7   334.6   378.4   507.9  1537.7  4510.6 152882.2   152724
read      210.4    67.8    74.4   116.3   131.0   210.1   232.2   244.9   253.5   265.2   279.3   303.8   364.1   557.2  1481.6  20839.0    20845
read      212.2   124.3    68.9   109.1   120.3   189.7   229.5   254.2   272.6   294.3   321.5   364.7   477.1  1667.8  3227.6 140084.2   140348
read      208.9   108.6    68.9   102.7   112.2   187.4   239.1   267.1   286.0   306.8   331.9   367.9   444.8   714.1  3312.0  88592.6    88725
read      208.8   123.8    63.8   106.8   117.4   186.2   227.0   251.9   270.6   292.5   319.6   361.4   460.6  1581.7  3549.4 134116.4   134088
read      215.4    94.0    63.8   103.6   113.0   202.5   251.6   275.6   292.1   311.2   335.3   371.8   459.6   666.8  1229.3  66276.2    66126
read      211.9   111.9    63.8   103.2   112.6   193.1   244.6   270.4   287.9   307.3   330.8   366.1   449.4  1030.7  3183.0  78268.2    78214
read      212.6    90.8    63.8   102.1   112.0   205.5   249.8   271.3   286.0   302.3   321.7   353.5   420.0   543.2  1421.4  55117.6    55191
read      215.9    97.9    68.9   104.2   113.9   209.0   250.9   271.4   285.8   302.1   322.3   356.1   434.1  1098.4  2310.4  54228.8    54081
read      206.2   108.6    68.9   103.2   113.0   182.4   227.5   254.8   274.3   296.8   324.3   365.9   471.9  1139.6  2970.6 112401.2   112478
read      275.2   137.9    68.9   136.4   154.2   251.3   306.0   339.5   364.0   391.6   425.1   472.4   581.5  1159.5  3291.4 179663.8   179666
read      199.6    86.0    63.8   100.7   110.0   179.4   226.7   253.0   270.9   291.2   315.9   353.3   432.6   621.3  1125.1 100390.6   100584
read      205.9   127.8    59.1   103.3   113.4   180.8   223.1   249.2   268.2   290.2   317.2   361.0   515.8  1522.5  4206.2 128034.4   127920
read      181.1    91.4    63.8   102.5   115.9   178.4   193.8   202.1   209.5   217.0   229.3   251.4   336.7  1084.3  3208.7   6588.6     6594
read      204.0    80.6    68.9   109.8   122.2   201.0   225.2   238.1   248.8   261.4   277.4   306.4   374.1  1001.6  2352.8  25042.2    25020
read      217.3   143.5    68.9   105.1   115.6   184.8   228.1   255.4   276.2   301.6   335.7   400.6   734.6  1787.5  3308.1 129779.4   129587
read      201.0   129.8    54.7   114.8   130.8   193.1   212.8   224.4   232.6   244.5   261.2   290.7   383.9  1348.4  7463.0  10262.4    10277
read      207.4   112.3    68.9   108.8   119.6   185.5   223.9   248.1   266.4   288.1   315.3   358.5   491.7  1277.4  2621.5 148401.4   148458
read      217.3   101.7    63.8   102.6   112.1   203.7   251.1   274.8   291.9   312.0   337.9   379.1   477.2   940.4  1870.8  66339.4    66114
read      225.2   100.9    59.1   103.0   113.3   214.0   259.8   284.8   302.2   321.4   346.1   384.7   469.9  1044.5  1561.0  49331.4    49261
read      205.3   126.1    63.8   104.6   114.6   180.6   221.0   246.8   266.1   288.5   316.2   359.1   501.6  1459.1  3873.1 133164.2   133049
read      206.1   104.5    63.8   102.8   112.2   182.5   230.0   258.2   277.5   299.5   326.4   367.6   477.2   927.3  2525.9 106487.8   106628
read      218.0    81.2    68.9   111.1   125.0   212.8   242.6   260.1   272.6   288.3   308.7   340.5   411.9   725.0  1869.9  23436.2    23498
read      203.0    97.3    63.8   101.8   111.0   180.5   228.9   257.0   275.9   297.2   322.8   363.2   453.6   677.0  1969.4 103460.8   103564
read      221.6   122.1    63.8   115.8   129.1   200.3   238.2   262.4   279.9   301.3   330.0   378.2   567.7  1099.7  3595.1 161517.4   161774
read      216.8   135.1    68.9   109.1   120.1   212.5   242.7   258.4   269.7   283.3   300.4   330.8   421.1  1896.6  5070.7  39073.2    39037
read      224.5   153.1    63.8   116.7   130.2   201.6   238.8   262.1   278.9   299.6   327.2   371.9   537.9  2097.1  4755.7 163311.0   163622
read      209.6   125.6    68.9   106.1   116.6   184.5   225.6   251.4   270.8   293.6   321.6   366.6   536.7  1441.2  3407.5 132435.0   132405
read      227.9   194.5    59.1   107.9   118.9   191.7   233.7   260.5   279.9   303.7   334.9   391.1  1068.1  2473.6  4982.5 131457.8   131596
read      251.5   182.6    63.8   127.8   143.9   227.3   267.2   290.6   308.5   330.4   360.7   412.6   620.2  2915.7  5931.1 174816.2   174543
read      213.5   114.9    63.8   102.9   112.5   189.7   241.7   269.9   289.2   311.0   338.1   381.0   504.3  1082.5  2768.4  90697.4    90567
read      205.8   104.4    63.8   104.1   114.0   182.6   227.6   255.3   274.9   297.4   324.8   366.2   468.0   911.2  3052.8 116471.8   116582
read      208.6   110.4    63.8   117.9   133.9   203.4   225.4   237.4   247.5   259.0   274.4   302.1   371.2   922.9  6599.4  13859.2    13888
read      206.1   106.3    63.8   103.7   113.6   181.6   226.3   253.9   273.8   296.8   325.0   369.1   501.1   991.3  3043.5 118845.6   119224
read      223.2   167.8    68.9   112.7   125.4   197.2   235.6   260.1   277.9   299.7   329.2   377.5   588.1  2330.0  5153.6 156175.2   156471
read      230.4   151.5    63.8   117.3   131.2   205.6   244.3   268.0   286.0   308.0   337.4   388.5   624.9  2099.4  4371.6 164056.6   164013
read      233.4   143.6    59.1   103.6   114.6   217.8   258.7   280.5   296.1   315.4   341.9   392.9   718.6  1742.8  3487.0  42117.0    41909
read      213.8   167.0    63.8   105.7   116.1   185.4   228.2   254.7   273.9   296.0   324.2   369.7   577.1  2342.8  5860.6 128052.4   128280
read      204.7    98.5    63.8   103.3   112.7   182.2   229.5   257.6   276.3   297.6   323.4   363.0   453.0   826.7  2585.2 107243.2   107066
read      234.8   153.0    63.8   105.2   116.2   217.1   259.3   282.2   298.7   318.4   345.9   399.0   709.0  1900.6  4025.4  46146.6    46119
read      201.9    98.9    68.9   116.5   133.6   196.0   217.0   229.5   238.2   250.2   266.3   291.9   371.4   885.7  5248.6  10251.4    10227
read      208.1    99.9    63.8   127.5   142.4   205.8   224.0   233.5   241.1   250.2   262.7   282.6   334.2  1148.0  3633.9  10872.4    10870
read      222.5   157.3    54.7   111.0   122.9   195.7   236.6   262.9   281.7   304.5   334.5   386.0   620.2  1835.9  5520.8 146445.0   146664
read      212.7    75.1    74.4   114.3   128.6   208.8   233.9   248.5   259.1   271.9   290.0   318.1   398.7   729.7  2320.0  19900.2    19865
read      213.7   136.6    63.8   105.3   115.3   186.2   232.4   260.6   280.3   302.9   331.5   375.9   569.7  1751.9  3213.9 113361.0   113409
read      208.4    95.6    63.8   102.5   112.2   196.8   243.0   264.4   278.3   294.4   314.7   345.2   425.0   870.2  2331.0  70611.6    70623
read      207.6    86.6    59.1   104.4   114.7   205.8   242.0   259.2   270.6   284.2   300.4   326.4   388.6   550.4  2361.1  52664.2    52633
read      199.5    93.0    63.8   101.6   110.9   180.5   227.2   253.5   270.6   289.2   311.5   343.5   418.9   605.2  2343.8 104537.8   104630
read      212.2   102.4    63.8   106.4   117.4   209.9   240.4   255.8   267.3   280.6   298.2   331.5   433.1   908.1  3887.6  42645.4    42594
read      204.8   101.6    63.8   101.8   111.4   185.3   235.1   261.4   278.0   296.2   318.5   353.6   435.6   744.0  2926.0  95052.2    95196
read      209.2    89.9    63.8   104.7   115.0   207.8   243.2   259.9   271.1   284.8   301.7   329.9   402.1   623.0  2371.7  52185.4    52243
read      207.8    93.5    63.8   108.2   119.4   208.1   235.4   250.2   260.8   272.6   290.0   316.5   379.9   512.1  2109.5  37107.4    37031
read      210.7    92.1    63.8   107.7   118.9   210.5   239.9   254.6   265.7   277.7   294.5   321.0   397.1   640.3  3831.4  39926.8    39878
read      202.9    91.4    59.1   102.6   112.3   182.1   229.3   256.5   274.5   294.5   318.0   354.0   445.0   724.3  1496.0 110458.6   110750
read      192.1    83.9    63.8   114.9   129.3   188.4   205.2   215.1   222.6   231.8   245.7   269.6   342.6  1120.6  3146.5   8146.8     8231
read      205.9    78.2    59.1   103.0   112.9   200.5   242.1   260.8   272.7   287.3   305.2   333.4   402.7   545.0  1004.2  63510.8    63638
read      204.0   103.1    59.1   101.3   110.7   185.6   234.8   259.3   274.5   292.0   313.4   346.1   443.5   937.8  2829.3  90218.2    90167
read      210.8    87.4    63.8   104.6   115.0   207.6   241.5   258.2   270.0   284.4   303.2   336.5   440.7   922.2  2094.9  50575.0    50555
read      196.8    70.1    63.8   114.2   128.1   194.3   213.3   223.9   231.6   241.6   255.3   283.0   360.9   588.2  2032.5  16113.6    15997
read      207.5    86.3    59.1   106.3   116.9   207.6   237.9   253.0   264.1   275.6   292.6   318.8   388.2   548.8  2921.3  43023.8    43089
read      195.6    74.6    63.8   116.2   131.3   191.9   210.7   221.3   229.4   238.4   252.1   275.9   360.7   593.3  1611.6  12264.8    12188
read      206.2   112.3    63.8   102.0   111.7   193.4   240.0   261.6   275.1   291.1   311.0   341.2   421.4   735.3  4132.7  76502.0    76615
read      201.3   112.6    63.8   106.3   116.8   181.7   220.7   245.4   263.9   284.8   310.3   345.9   433.8   688.1  3290.6 143286.6   143480
read      208.2    82.9    68.9   103.3   113.3   201.5   245.9   265.8   278.8   293.5   312.1   339.5   397.6   508.3  1425.2  63784.2    63793
read      207.3    89.4    63.8   102.7   112.6   197.6   242.6   263.2   276.3   291.8   311.5   341.7   419.6   635.0  2000.1  71944.6    71996
read      211.0    84.4    63.8   107.8   118.7   212.1   241.1   255.5   266.5   278.7   295.7   324.0   400.1   570.8  2920.7  41754.4    41778
read      208.7    94.9    63.8   114.6   129.0   206.7   228.4   240.2   249.6   260.9   275.1   303.1   375.5   765.0  4792.8  21932.2    21860
read      213.1    84.2    54.7   107.1   118.1   213.7   245.9   262.0   272.7   286.5   303.5   331.4   396.8   577.6  2626.8  45464.8    45582
read      207.6   112.7    59.1   102.1   111.7   192.3   241.6   264.5   279.1   295.2   315.7   346.4   434.8   922.6  2437.2  82117.4    81972
read      207.6    76.9    63.8   106.4   117.2   208.4   237.5   252.2   262.9   274.4   291.6   317.9   390.7   668.6  1950.2  42971.0    42852
read      207.1    99.3    63.8   104.4   114.7   206.3   240.5   257.0   268.3   281.4   297.3   325.0   398.6   569.0  1289.1  51892.6    51852
read      203.4    92.2    54.7   102.4   112.1   182.9   229.7   256.5   273.9   293.5   317.1   354.8   460.6   771.2  1909.0 109422.2   109368
read      231.3   158.1    59.1   104.7   115.5   209.3   248.9   269.2   284.4   303.7   334.0   407.4   869.1  1843.6  3570.6  55994.6    55794
read      210.2    81.0    63.8   108.2   119.6   208.9   235.5   250.4   261.3   273.5   292.0   322.7   420.3   784.4  2451.8  35597.8    35534
read      204.0   105.2    59.1   101.5   111.0   186.4   234.8   258.8   273.9   291.1   312.4   344.5   432.6   980.8  3098.3  90474.0    90576
read      206.7    98.0    63.8   102.4   112.1   187.4   237.3   263.3   279.9   298.2   320.7   358.0   452.2   737.5  1568.5  95276.2    95085
read      208.9   109.4    63.8   103.0   112.8   187.4   236.6   263.2   280.7   300.5   324.7   365.0   482.3   941.2  2733.8 100180.0   100029
read      214.5   100.8    59.1   103.5   113.7   201.8   248.7   270.7   285.9   303.1   324.7   362.7   468.8   929.4  2903.0  72683.8    72551
read      219.2   119.8    63.8   103.3   113.5   198.1   248.3   272.9   290.0   309.7   335.6   382.9   593.3  1300.5  2334.7  84660.6    84629
read      214.7   111.5    59.1   103.7   113.9   201.6   248.9   270.6   285.5   302.2   323.5   361.3   470.6   933.0  2770.9  74005.8    74136

Total QPS = 88125.6 (84600568 / 960.0s)

Total connections = 64
Misses = 0 (0.0%)
Skipped TXs = 0 (0.0%)

RX 20896340790 bytes :   20.8 MB/s
TX          0 bytes :    0.0 MB/s
Warning! Detected max cpu usage > 95%
CPU Usage Stats (avg/min/max): 99.88%,41.92%,100.00%
Timestamp end: 1747335822874
