Timestamp start: 1747125494888
#type       avg     std     min      p5     p10     p50     p67     p75     p80     p85     p90     p95     p99    p999   p9999      QPS   target       ts_start         ts_end
read      208.5   114.3    59.1   101.4   116.1   208.9   229.2   240.2   248.8   258.9   272.4   294.6   397.5   940.8  3921.8   4993.4     5000  1747125496394  1747125501599
read      219.0   100.2    59.1   109.8   133.7   216.1   236.5   248.9   257.4   268.5   283.6   312.8   422.0  1314.8  3867.9  10052.7    10000  1747125503102  1747125508302
read      224.3   135.2    54.7   114.8   137.1   220.1   243.4   256.0   266.3   277.5   294.6   324.8   438.1  1082.0  5048.2  14980.8    15000  1747125509804  1747125514974
read      233.3    95.3    59.1   116.6   135.7   228.3   254.0   269.1   280.2   294.6   316.0   354.8   501.5  1107.6  2283.0  20107.8    20000  1747125516478  1747125521648
read      230.2    84.8    54.7   115.4   131.6   227.2   254.4   270.2   282.3   297.0   318.2   357.6   465.1   830.5  2021.9  24988.8    25000  1747125523152  1747125528323
read      240.1    88.4    63.8   116.8   132.6   236.8   268.9   287.8   302.0   318.7   342.1   383.0   480.2   834.5  1781.3  29992.8    30000  1747125529827  1747125534997
read      235.7    99.6    59.1   114.6   128.8   231.4   265.8   285.2   299.9   317.5   340.8   378.8   470.3   747.4  2403.9  35040.6    35000  1747125536501  1747125541673
read      237.8   121.9    54.7   113.3   126.7   231.2   268.3   289.4   305.1   323.0   348.5   392.9   493.3   871.1  5541.3  39946.7    40000  1747125543177  1747125548347
read      233.2   101.3    63.8   111.4   123.4   225.9   264.7   286.4   302.8   321.7   347.9   392.2   498.9   933.4  1846.9  44934.4    45000  1747125549851  1747125555022
read      230.9   122.1    59.1   110.5   122.0   221.1   261.6   283.9   300.9   320.4   346.8   393.5   492.2   907.4  4075.6  49852.4    50000  1747125556526  1747125561697
read      228.7    94.9    59.1   110.3   121.4   218.1   261.3   285.6   304.3   325.3   352.0   395.2   482.0   635.0  1993.3  55190.2    55000  1747125563201  1747125568372
read      230.8   109.7    59.1   109.5   120.4   216.4   261.8   288.2   308.0   330.8   360.3   406.2   505.1   767.0  2329.4  60003.8    60000  1747125569876  1747125575050
read      230.6   126.8    63.8   109.7   120.6   214.7   261.0   287.8   308.2   331.5   361.3   407.0   503.8   749.1  3022.5  64755.4    65000  1747125576555  1747125581727
read      227.0    98.4    59.1   108.8   119.6   211.1   256.1   283.1   304.3   328.1   357.5   402.4   498.2   707.9  1582.3  70042.6    70000  1747125583230  1747125588402
read      230.5   103.7    59.1   109.6   120.7   211.8   259.6   289.0   311.1   337.0   369.1   417.3   505.3   674.7  1382.2  75100.5    75000  1747125589906  1747125595075
read      234.7   131.3    59.1   109.7   120.9   212.5   260.5   291.0   314.1   340.8   374.8   428.7   537.7  1086.8  3969.0  80166.0    80000  1747125596579  1747125601752
read      235.4   112.3    63.8   110.4   121.8   213.6   262.6   295.3   319.6   347.6   383.0   433.5   524.5   713.0  2161.3  84944.8    85000  1747125603255  1747125608425
read      230.5   103.1    63.8   109.8   121.0   209.6   256.6   287.8   311.3   338.9   372.3   423.4   516.1   691.7  1673.9  90060.6    90000  1747125609929  1747125615100
read      230.5   108.5    63.8   109.8   121.2   209.2   256.4   287.2   310.2   337.1   371.2   421.6   511.8   750.6  2323.9  94946.5    95000  1747125616603  1747125621775
read      232.8   110.8    59.1   109.8   121.3   210.4   258.9   290.7   314.3   341.9   376.8   428.7   527.7   749.5  2574.5  99880.4   100000  1747125623279  1747125628449
read      239.9   114.4    63.8   112.8   125.5   216.5   267.2   300.3   324.3   352.9   388.5   440.0   539.1   764.8  2754.4 104810.8   105000  1747125629952  1747125635122
read      243.1   116.6    68.9   114.2   127.3   218.6   270.1   303.7   327.9   357.0   393.6   449.7   569.6   842.8  1886.3 109953.8   110000  1747125636625  1747125641797
read      246.5   130.0    59.1   114.5   128.4   219.9   271.7   305.7   330.3   359.2   395.9   452.3   590.2  1305.9  3572.7 114989.5   115000  1747125643301  1747125648473
read      254.0   118.9    68.9   119.6   134.4   228.3   282.7   316.2   340.4   368.8   404.4   462.2   604.1  1018.6  1766.5 119931.0   120000  1747125649976  1747125655149
read      266.7   129.8    63.8   123.5   139.8   238.9   296.1   330.6   355.9   386.0   424.7   485.5   652.5  1201.4  2498.7 124837.1   125000  1747125656653  1747125661828
read      269.8   130.9    63.8   128.6   145.3   244.9   301.2   333.7   357.4   385.6   421.8   477.3   627.4  1162.4  2756.8 130138.4   130000  1747125663332  1747125668505
read      283.6   119.2    74.4   136.3   154.7   261.5   319.0   351.6   375.1   403.1   438.7   495.9   627.7   912.9  1706.2 135072.1   135000  1747125670009  1747125675185
read      308.1   141.9    68.9   146.7   167.7   285.9   345.3   379.8   404.3   434.3   471.7   535.8   682.5  1096.8  2993.4 139941.6   140000  1747125676688  1747125681863
read      432.8   166.9    68.9   231.2   261.5   391.9   496.1   548.4   580.6   614.7   653.3   710.2   839.6  1114.3  3060.0 142069.4   145000  1747125683366  1747125688538
read      441.6   166.5    80.4   239.2   269.1   396.1   505.5   561.5   595.2   628.8   668.2   724.8   862.3  1095.7  3066.3 143701.7   150000  1747125690042  1747125695217
read      463.1   185.8    74.4   255.1   286.1   404.5   526.3   594.8   631.0   666.6   704.9   756.5   888.3  1270.3  4952.6 139003.9   155000  1747125696721  1747125701895
read      446.2   184.2    74.4   244.6   276.0   394.8   508.3   568.9   604.1   637.7   676.1   730.0   860.0  1182.5  5796.6 144267.2   160000  1747125703398  1747125708571
read      454.1   166.0    74.4   261.0   289.4   392.3   513.3   590.5   626.8   660.6   693.3   741.0   855.7  1107.5  2164.6 141924.7   165000  1747125710075  1747125715246
read      448.3   169.7    63.8   253.4   280.7   391.5   516.9   581.2   614.2   645.4   679.6   728.8   838.4  1133.9  3453.0 143792.5   170000  1747125716750  1747125721926
read      452.4   177.9    74.4   245.3   277.6   398.6   516.4   580.0   615.1   649.1   685.4   739.6   886.5  1341.5  3357.5 142543.5   175000  1747125723430  1747125728604
read      444.0   181.9    86.8   242.3   272.7   395.2   509.9   567.1   600.2   632.4   670.2   723.2   846.3  1158.2  4371.6 145157.6   180000  1747125730108  1747125735281
read      460.7   176.5    74.4   267.9   296.3   394.9   515.7   601.9   640.4   673.1   708.7   751.1   853.6  1123.6  3974.2 140083.3   185000  1747125736785  1747125741957
read      451.3   179.8    86.8   255.7   283.1   395.7   496.9   571.1   614.2   655.9   698.9   748.0   848.7  1047.6  4307.6 142960.3   190000  1747125743462  1747125748635
read      460.4   167.7    86.8   273.8   299.0   395.4   507.1   599.7   639.4   673.2   710.1   755.8   856.9  1014.7  2828.5 140226.6   195000  1747125750139  1747125755310
read      440.3   167.2    68.9   254.0   279.4   379.2   509.8   574.7   606.9   635.8   668.9   712.8   804.0  1030.0  3333.0 146538.1   200000  1747125756814  1747125761986
read      443.8   163.7    68.9   255.6   281.3   387.6   504.2   571.8   607.2   640.0   676.6   726.2   821.7  1024.7  2511.7 145402.6   205000  1747125763490  1747125768664
read      456.4   165.1    74.4   266.7   293.2   394.2   514.1   593.0   629.2   663.5   698.3   743.7   848.0  1022.3  2277.5 141455.4   210000  1747125770168  1747125775339
read      450.1   166.1    86.8   265.1   289.5   384.0   514.1   591.8   624.2   655.7   687.2   733.8   837.6  1053.9  2980.1 143372.3   215000  1747125776843  1747125782020
read      456.4   172.9    74.4   266.5   293.2   391.9   516.8   597.0   632.4   664.7   696.9   741.5   846.0  1070.2  3944.3 141417.8   220000  1747125783524  1747125788695
Warning! Detected max cpu usage > 95%
CPU Usage Stats (avg/min/max): 60.25%,0.50%,100.00%
Timestamp end: 1747125790300
