Timestamp start: 1747303971850
#type       avg     std     min      p5     p10     p50     p67     p75     p80     p85     p90     p95     p99    p999   p9999      QPS   target       ts_start         ts_end
read      187.0    81.7    63.8   111.4   125.5   184.5   201.4   211.5   218.0   227.9   240.1   264.0   327.2   706.0  3115.6   4973.8     5000  1747303973357  1747303978572
read      201.5   100.2    68.9   116.1   133.8   194.4   214.3   226.0   234.2   246.5   262.6   290.9   397.6  1112.3  3448.8   9946.0    10000  1747303980075  1747303985270
read      203.0    70.4    63.8   116.0   132.8   199.3   220.3   232.6   242.2   253.4   269.0   293.5   369.4   609.3  2302.7  14980.2    15000  1747303986774  1747303991940
read      207.4    91.7    68.9   115.5   132.0   205.0   227.4   239.8   249.4   260.6   274.1   295.9   363.4   610.7  3155.8  19914.4    20000  1747303993443  1747303998613
read      212.7    72.8    63.8   114.4   129.8   212.0   236.8   250.9   260.9   271.9   287.6   311.8   373.4   521.8  1817.5  24897.6    25000  1747304000116  1747304005283
read      211.1    67.1    59.1   111.6   124.8   210.7   236.9   251.5   262.1   273.6   290.2   315.6   381.9   565.1  1021.1  29947.4    30000  1747304006786  1747304011952
read      216.3    82.4    63.8   110.7   123.9   215.7   244.7   259.9   270.5   283.4   299.2   327.0   411.3   670.7  2137.2  35069.6    35000  1747304013456  1747304018627
read      211.8    74.9    59.1   107.6   118.9   210.9   242.1   257.7   268.7   281.6   297.6   327.5   421.1   629.5  1071.5  40048.4    40000  1747304020131  1747304025302
read      207.1    87.2    54.7   105.1   115.7   206.9   239.5   255.4   266.4   278.3   293.9   317.9   378.1   529.8  2668.4  45011.4    45000  1747304026805  1747304031973
read      206.6    80.6    59.1   104.4   114.7   205.4   240.1   256.4   267.8   280.6   296.4   321.9   394.9   547.9  1192.5  49914.6    50000  1747304033475  1747304038646
read      208.9    85.3    59.1   103.6   113.7   204.9   242.8   260.4   272.1   286.5   304.6   335.8   431.8   662.8  1514.1  54864.4    55000  1747304040149  1747304045315
read      206.7    84.0    54.7   101.7   111.6   200.7   242.3   260.8   272.8   287.7   306.4   337.2   422.8   592.0  1873.2  60012.4    60000  1747304046817  1747304051985
read      208.4    93.3    59.1   101.4   111.1   198.3   241.6   261.4   274.0   289.8   310.4   346.0   474.4   820.7  1991.6  64994.7    65000  1747304053487  1747304058658
read      202.2    87.1    59.1   100.3   109.8   191.6   237.7   258.2   271.1   286.1   304.6   334.1   403.9   579.0  2769.3  70268.6    70000  1747304060161  1747304065327
read      198.6    80.5    54.7    99.6   108.8   185.6   232.3   253.6   267.5   283.0   302.0   332.7   408.0   589.2  1208.5  75044.4    75000  1747304066829  1747304071998
read      202.2    99.1    54.7    99.0   108.2   185.8   235.1   257.4   271.6   287.9   308.3   341.6   443.0   903.1  2545.2  80037.4    80000  1747304073501  1747304078673
read      200.9   384.6    59.1    98.7   107.9   182.5   231.4   255.0   269.9   286.6   307.1   339.2   428.0   940.2  3196.1  84941.4    85000  1747304080175  1747304085344
read      195.6    88.7    59.1    98.0   106.9   178.0   227.3   251.8   267.4   284.3   304.5   335.4   402.9   542.6  2617.7  89903.8    90000  1747304086847  1747304092015
read      193.4    94.7    54.7    97.8   106.5   174.9   223.2   248.0   264.1   281.2   301.7   333.3   400.2   526.1  2074.9  94724.8    95000  1747304093518  1747304098688
read      198.3   108.5    59.1    98.4   107.2   176.0   224.4   250.1   267.2   286.0   309.3   345.5   455.7  1045.1  2950.4  99853.0   100000  1747304100190  1747304105359
read      192.0    91.7    54.7    98.0   106.6   171.6   218.1   244.3   261.8   280.2   302.4   336.4   408.5   565.4  2123.5 104969.6   105000  1747304106861  1747304112031
read      192.1    91.0    59.1    98.1   106.8   171.7   217.4   243.7   261.5   280.2   302.8   337.3   413.2   582.3  2793.8 109951.2   110000  1747304113534  1747304118711
read      193.6   100.4    59.1    98.1   107.0   171.9   216.8   243.4   261.8   281.5   305.3   342.1   434.9   695.0  3046.0 114884.6   115000  1747304120213  1747304125382
read      192.9    90.7    59.1    99.1   108.0   171.0   213.8   240.4   259.6   280.2   305.1   342.1   430.9   721.7  2524.4 120093.7   120000  1747304126885  1747304132054
read      193.6    92.0    59.1    99.3   108.4   171.5   214.4   240.9   260.3   281.5   307.5   345.4   436.5   692.4  2133.2 124702.6   125000  1747304133557  1747304138729
read      193.0    99.7    59.1    99.2   108.4   170.5   211.4   237.0   256.2   277.3   303.4   342.9   448.7   884.5  2658.3 129551.6   130000  1747304140232  1747304145400
read      187.2    81.2    59.1    98.8   107.9   167.3   205.7   230.9   249.8   270.9   295.6   331.3   401.6   547.1  2226.2 134990.5   135000  1747304146903  1747304152075
read      188.2    91.9    54.7    99.4   108.4   167.7   205.1   230.0   248.8   270.7   296.5   335.5   419.4   600.6  3047.8 139860.2   140000  1747304153578  1747304158749
read      192.3    84.4    59.1   102.0   111.4   172.1   209.5   233.4   252.2   273.8   300.9   341.9   434.0   646.7  1431.1 144721.6   145000  1747304160251  1747304165418
read      192.2    90.1    59.1   103.0   112.6   172.5   209.0   232.2   250.4   271.7   298.1   339.2   428.4   614.8  2200.2 149926.5   150000  1747304166922  1747304172093
read      209.5   116.9    54.7   106.2   117.0   183.6   222.4   247.2   266.7   290.7   323.5   385.8   589.1  1142.4  2736.1 155116.2   155000  1747304173596  1747304178769
read      199.9   106.4    54.7   105.3   115.6   178.3   214.3   236.7   254.9   276.8   305.7   351.9   487.6  1048.5  3475.1 160112.2   160000  1747304180273  1747304185440
read      192.7    87.7    59.1   104.8   115.0   175.0   208.2   229.5   246.1   266.8   293.3   335.2   424.6   638.5  2587.4 164964.6   165000  1747304186943  1747304192113
read      197.9    90.4    59.1   107.7   118.4   179.9   213.3   234.0   251.0   271.6   298.5   342.2   450.4   751.8  2318.1 169931.0   170000  1747304193617  1747304198788
read      196.5    90.4    59.1   107.8   118.6   180.0   212.4   232.3   248.3   267.8   293.2   333.3   425.7   866.0  2478.9 174873.8   175000  1747304200291  1747304205460
read      200.3    81.1    59.1   109.3   120.3   184.1   217.9   238.7   255.1   274.8   301.6   343.4   435.2   604.1  1165.2 180051.7   180000  1747304206963  1747304212133
read      205.7    88.2    59.1   113.0   125.5   191.4   224.3   244.0   259.3   277.6   303.1   342.6   431.9   636.7  2430.1 185136.5   185000  1747304213636  1747304218810
read      209.8    98.6    59.1   117.5   130.6   195.6   226.3   245.0   259.6   277.4   303.1   344.9   457.2   725.0  2031.0 189926.2   190000  1747304220313  1747304225484
read      214.2    82.2    59.1   119.1   133.0   201.6   233.4   252.8   267.7   285.5   309.4   346.9   441.6   656.9  2123.8 194898.0   195000  1747304226986  1747304232157
read      217.0    89.2    54.7   123.9   138.6   204.6   233.4   251.0   264.6   281.2   304.8   345.5   466.8   781.2  2020.2 199752.1   200000  1747304233660  1747304238832
read      234.8    98.0    59.1   130.5   146.5   219.2   251.1   270.5   285.7   304.6   331.6   381.9   558.2  1100.3  2236.2 204465.0   205000  1747304240336  1747304245504
read      234.3    83.2    63.8   135.2   151.4   224.0   254.3   272.1   285.9   302.0   323.9   364.1   475.4   747.6  2271.2 209788.1   210000  1747304247008  1747304252175
read      265.2   110.7    63.8   157.1   176.7   252.8   282.7   299.9   313.8   331.3   356.3   402.4   570.4  1103.3  3083.2 214487.2   215000  1747304253678  1747304258854
read      262.7   100.1    59.1   142.6   161.1   248.2   289.1   313.0   330.8   352.0   379.5   423.7   531.2   860.3  2344.1 214952.7   220000  1747304260357  1747304265527
Warning! Detected max cpu usage > 95%
CPU Usage Stats (avg/min/max): 56.06%,0.50%,100.00%
Timestamp end: 1747304267294
