Timestamp start: 1747126903519
#type       avg     std     min      p5     p10     p50     p67     p75     p80     p85     p90     p95     p99    p999   p9999      QPS   target       ts_start         ts_end
read      209.1    85.0    63.8   106.1   122.3   209.2   229.6   241.4   250.6   262.2   275.9   297.2   356.6   968.4  3056.3   4938.1     5000  1747126905025  1747126910228
read      220.4   102.2    63.8   115.6   140.9   216.4   238.2   252.0   262.5   274.0   290.3   314.5   385.0   947.5  4067.5  10027.0    10000  1747126911732  1747126916929
read      220.8    67.0    63.8   120.3   143.3   218.4   242.2   255.6   266.2   277.6   293.4   316.9   378.3   570.6  1851.7  14980.0    15000  1747126918433  1747126923598
read      226.7    88.3    59.1   120.3   139.6   223.9   250.7   265.9   276.2   289.7   306.0   331.3   397.9   850.9  2564.0  20149.8    20000  1747126925102  1747126930268
read      233.8    87.4    59.1   123.1   141.5   231.7   261.8   277.3   288.7   301.2   317.1   343.2   419.7   596.0  3105.1  25061.2    25000  1747126931771  1747126936939
read      228.1    91.6    59.1   117.4   133.1   225.6   257.3   273.8   285.8   298.2   315.3   341.6   417.7   575.1  3625.0  30077.6    30000  1747126938442  1747126943610
read      222.5    77.5    63.8   114.1   127.7   220.5   253.0   270.2   282.6   296.3   314.3   341.9   411.6   523.1  1612.1  34887.6    35000  1747126945113  1747126950279
read      223.8    77.1    59.1   113.7   126.6   222.4   258.5   276.2   288.5   301.8   318.0   343.7   412.2   501.8   943.5  39994.6    40000  1747126951782  1747126956958
read      219.6    84.2    59.1   111.1   122.4   215.8   253.4   272.6   285.8   299.8   317.6   345.4   422.4   543.1  1414.6  44977.8    45000  1747126958462  1747126963630
read      219.3    92.5    63.8   110.9   121.5   213.7   254.2   274.4   288.4   303.9   321.6   352.5   430.2   533.4  1670.8  50167.4    50000  1747126965133  1747126970300
read      215.6    83.9    63.8   109.4   118.9   208.8   251.9   272.0   285.7   300.4   318.7   347.9   423.7   565.1  2019.5  55041.6    55000  1747126971804  1747126976973
read      216.6    91.8    59.1   108.8   118.4   205.2   252.5   275.1   290.4   307.1   326.7   358.8   437.2   629.1  2377.5  59905.3    60000  1747126978476  1747126983644
read      214.6   106.1    59.1   106.8   116.2   199.8   250.3   274.5   290.0   307.0   327.4   359.5   435.4   639.8  3539.7  64843.8    65000  1747126985147  1747126990316
read      211.3    98.7    59.1   106.6   115.8   196.3   246.7   271.5   287.4   304.5   324.2   355.6   429.6   549.5  2283.1  70104.8    70000  1747126991818  1747126996987
read      212.3    96.1    59.1   106.8   115.8   193.8   246.8   273.2   289.9   308.1   330.3   364.7   453.1   672.7  2280.3  75009.8    75000  1747126998491  1747127003657
read      206.5    89.9    59.1   105.2   114.0   187.7   238.4   265.5   282.5   300.6   321.8   355.8   434.6   569.5  1131.6  79877.6    80000  1747127005162  1747127010332
read      209.6    94.0    59.1   105.1   114.1   187.7   240.9   269.9   288.3   307.7   331.2   367.1   458.4   688.4  2231.0  84800.0    85000  1747127011835  1747127017013
read      206.8   111.3    59.1   105.0   113.7   183.1   235.9   266.2   285.5   306.0   329.8   364.3   439.5   568.4  4822.3  89909.6    90000  1747127018515  1747127023681
read      203.5    96.4    54.7   104.7   113.2   180.2   230.2   260.8   280.5   301.2   324.1   358.5   430.6   560.2  2733.8  95089.8    95000  1747127025185  1747127030353
read      201.7    95.3    63.8   104.3   112.8   177.9   226.9   257.6   278.0   299.3   323.4   358.2   429.5   542.7  2345.4  99795.2   100000  1747127031855  1747127037022
read      201.9    92.9    59.1   104.7   113.2   177.4   225.6   256.2   277.2   299.4   325.1   362.4   437.6   584.3  2503.3 105118.1   105000  1747127038525  1747127043691
read      202.3    93.2    63.8   105.5   114.1   177.6   224.9   255.7   277.1   299.5   324.4   361.0   443.1   668.2  1885.7 110024.8   110000  1747127045194  1747127050362
read      198.1    86.3    63.8   105.1   113.6   174.0   217.6   247.6   269.4   293.3   319.5   356.5   431.7   549.3  1374.3 114926.4   115000  1747127051864  1747127057033
read      203.3   101.8    59.1   106.8   115.3   176.9   222.6   253.3   275.7   300.7   328.8   368.1   456.1   627.1  4118.9 119874.1   120000  1747127058535  1747127063703
read      199.7    88.2    63.8   106.3   115.1   175.4   218.1   247.8   269.6   293.9   320.5   358.4   437.0   603.6  1911.0 124684.5   125000  1747127065206  1747127070376
read      198.9    90.4    54.7   106.9   115.6   174.9   216.0   244.5   266.0   290.3   318.0   355.9   434.8   614.9  2468.2 129729.7   130000  1747127071879  1747127077053
read      202.3    90.7    59.1   108.6   117.5   178.4   219.5   247.6   268.6   292.9   321.5   363.5   457.5   666.9  2302.2 135013.2   135000  1747127078556  1747127083724
read      202.0   107.1    63.8   109.2   118.2   178.4   218.3   245.4   266.2   290.1   318.3   358.7   445.1   727.2  3859.9 140247.3   140000  1747127085228  1747127090397
read      200.7    81.9    59.1   110.0   119.2   178.7   217.4   244.1   264.8   288.6   316.6   356.2   436.1   583.8  1095.4 145103.2   145000  1747127091901  1747127097070
read      202.1    88.6    63.8   111.1   120.7   180.2   218.0   243.7   263.7   287.5   316.1   356.4   437.9   632.8  2250.3 149966.4   150000  1747127098574  1747127103744
read      218.8   132.9    63.8   114.0   125.1   190.8   232.0   258.9   279.6   304.4   337.1   392.7   608.9  1257.8  3194.5 155258.6   155000  1747127105247  1747127110414
read      204.6    82.9    63.8   113.3   123.7   184.1   221.3   245.9   265.1   287.8   315.8   356.6   439.7   630.4  1327.0 160142.8   160000  1747127111917  1747127117086
read      205.9    99.0    59.1   113.8   124.6   185.8   222.7   246.3   264.6   286.6   313.9   354.2   436.2   654.1  3249.1 164953.7   165000  1747127118589  1747127123756
read      206.3    89.9    63.8   115.1   126.5   187.2   223.1   246.1   264.0   285.6   312.9   353.8   435.5   600.6  2469.5 169501.6   170000  1747127125258  1747127130430
read      208.5    82.7    63.8   117.9   129.4   191.1   226.3   248.5   265.8   286.4   312.8   351.8   432.2   577.9  1753.1 174813.2   175000  1747127131932  1747127137102
read      225.7   111.9    54.7   121.2   133.8   204.9   245.6   270.5   289.5   312.6   342.6   391.5   501.8   770.3  4121.6 180157.8   180000  1747127138605  1747127143774
read      216.2    85.0    68.9   122.5   135.3   200.6   234.8   256.6   272.7   292.6   317.7   357.8   442.0   596.6  1827.2 184930.5   185000  1747127145276  1747127150444
read      233.8    98.3    63.8   126.4   140.0   215.6   255.3   279.5   297.4   319.4   349.0   397.5   512.8   810.8  1909.6 190218.9   190000  1747127151947  1747127157114
read      226.4   103.9    63.8   126.3   139.6   210.0   246.2   268.3   284.9   304.8   331.3   372.7   468.7   788.6  4095.5 194754.6   195000  1747127158616  1747127163785
read      237.4    92.7    68.9   135.9   150.6   224.6   259.5   279.7   294.8   313.7   338.6   377.9   469.3   660.8  2651.7 200140.0   200000  1747127165287  1747127170456
read      252.5    93.6    54.7   139.9   155.9   239.8   279.3   301.6   317.6   337.4   363.3   403.3   500.5   687.5  1874.4 203480.1   205000  1747127171958  1747127177128
read      261.8    94.1    68.9   150.6   168.9   252.6   285.8   304.7   318.4   336.8   361.3   401.5   504.3   758.4  2420.7 209745.0   210000  1747127178630  1747127183800
read      260.5   102.8    74.4   145.1   162.7   248.2   285.4   306.9   322.4   342.8   370.2   416.2   519.7   744.9  3482.0 210132.4   215000  1747127185303  1747127190472
read      285.4    84.2    74.4   174.6   195.7   277.7   309.3   327.4   341.3   359.0   382.1   421.5   509.1   676.8  1580.9 213437.5   220000  1747127191975  1747127197143
Warning! Detected max cpu usage > 95%
CPU Usage Stats (avg/min/max): 55.81%,0.50%,100.00%
Timestamp end: 1747127198921
